NL 0
ROOT: 1 9 4 4
LN0: 3 4 3 7
LN1: 0 4 2 1
LN2: 7 4 1 5
LN3: 4 4 0 9
LN4: 1 4 9 3
NL 1
ROOT: 6 1 3 2
LN0: 8 6 2 5
LN1: 5 6 1 9
LN2: 2 6 0 3
LN3: 9 6 9 7
LN4: 6 6 8 1
NL 2
ROOT: 7 9 4 2
LN0: 9 4 3 5
LN1: 6 4 2 9
LN2: 3 4 1 3
LN3: 0 4 0 7
LN4: 7 4 9 1
NL 3
ROOT: 1 9 4 4
LN0: 3 4 3 7
LN1: 0 4 2 1
LN2: 7 4 1 5
LN3: 4 4 0 9
LN4: 1 4 9 3
NL 4
ROOT: 1 9 4 4
LN0: 3 4 3 7
LN1: 0 4 2 1
LN2: 7 4 1 5
LN3: 4 4 0 9
LN4: 1 4 9 3
NL 5
ROOT: 6 1 3 8
LN0: 8 6 2 1
LN1: 5 6 1 5
LN2: 2 6 0 9
LN3: 9 6 9 3
LN4: 6 6 8 7
NL 6
ROOT: 5 0 4 1
LN0: 7 5 3 4
LN1: 4 5 2 8
LN2: 1 5 1 2
LN3: 8 5 0 6
LN4: 5 5 9 0
NL 7
ROOT: 7 9 4 6
LN0: 9 4 3 9
LN1: 6 4 2 3
LN2: 3 4 1 7
LN3: 0 4 0 1
LN4: 7 4 9 5
NL 8
ROOT: 7 9 4 6
LN0: 9 4 3 9
LN1: 6 4 2 3
LN2: 3 4 1 7
LN3: 0 4 0 1
LN4: 7 4 9 5
NL 9
ROOT: 7 9 2 2
LN0: 9 4 1 5
LN1: 6 4 0 9
LN2: 3 4 9 3
LN3: 0 4 8 7
LN4: 7 4 7 1
NL 10
ROOT: 9 1 4 8
LN0: 1 6 3 1
LN1: 8 6 2 5
LN2: 5 6 1 9
LN3: 2 6 0 3
LN4: 9 6 9 7
NL 11
ROOT: 6 1 3 2
LN0: 8 6 2 5
LN1: 5 6 1 9
LN2: 2 6 0 3
LN3: 9 6 9 7
LN4: 6 6 8 1
NL 12
ROOT: 7 9 4 6
LN0: 9 4 3 9
LN1: 6 4 2 3
LN2: 3 4 1 7
LN3: 0 4 0 1
LN4: 7 4 9 5
NL 13
ROOT: 7 9 4 2
LN0: 9 4 3 5
LN1: 6 4 2 9
LN2: 3 4 1 3
LN3: 0 4 0 7
LN4: 7 4 9 1
NL 14
ROOT: 6 1 5 8
LN0: 8 6 4 1
LN1: 5 6 3 5
LN2: 2 6 2 9
LN3: 9 6 1 3
LN4: 6 6 0 7
NL 15
ROOT: 5 0 4 1
LN0: 7 5 3 4
LN1: 4 5 2 8
LN2: 1 5 1 2
LN3: 8 5 0 6
LN4: 5 5 9 0
NL 16
ROOT: 6 1 5 8
LN0: 8 6 4 1
LN1: 5 6 3 5
LN2: 2 6 2 9
LN3: 9 6 1 3
LN4: 6 6 0 7
NL 17
ROOT: 9 1 4 4
LN0: 1 6 3 7
LN1: 8 6 2 1
LN2: 5 6 1 5
LN3: 2 6 0 9
LN4: 9 6 9 3
NL 18
ROOT: 9 1 4 4
LN0: 1 6 3 7
LN1: 8 6 2 1
LN2: 5 6 1 5
LN3: 2 6 0 9
LN4: 9 6 9 3
NL 19
ROOT: 7 9 2 2
LN0: 9 4 1 5
LN1: 6 4 0 9
LN2: 3 4 9 3
LN3: 0 4 8 7
LN4: 7 4 7 1
NL 20
ROOT: 1 9 4 4
LN0: 3 4 3 7
LN1: 0 4 2 1
LN2: 7 4 1 5
LN3: 4 4 0 9
LN4: 1 4 9 3
NL 21
ROOT: 9 1 4 4
LN0: 1 6 3 7
LN1: 8 6 2 1
LN2: 5 6 1 5
LN3: 2 6 0 9
LN4: 9 6 9 3
NL 22
ROOT: 7 9 4 2
LN0: 9 4 3 5
LN1: 6 4 2 9
LN2: 3 4 1 3
LN3: 0 4 0 7
LN4: 7 4 9 1
NL 23
ROOT: 9 1 4 8
LN0: 1 6 3 1
LN1: 8 6 2 5
LN2: 5 6 1 9
LN3: 2 6 0 3
LN4: 9 6 9 7
NL 24
ROOT: 9 1 4 8
LN0: 1 6 3 1
LN1: 8 6 2 5
LN2: 5 6 1 9
LN3: 2 6 0 3
LN4: 9 6 9 7
NL 25
ROOT: 1 9 4 4
LN0: 3 4 3 7
LN1: 0 4 2 1
LN2: 7 4 1 5
LN3: 4 4 0 9
LN4: 1 4 9 3
NL 26
ROOT: 3 1 4 2
LN0: 5 6 3 5
LN1: 2 6 2 9
LN2: 9 6 1 3
LN3: 6 6 0 7
LN4: 3 6 9 1
NL 27
ROOT: 6 1 3 8
LN0: 8 6 2 1
LN1: 5 6 1 5
LN2: 2 6 0 9
LN3: 9 6 9 3
LN4: 6 6 8 7
NL 28
ROOT: 7 9 2 2
LN0: 9 4 1 5
LN1: 6 4 0 9
LN2: 3 4 9 3
LN3: 0 4 8 7
LN4: 7 4 7 1
NL 29
ROOT: 6 1 5 8
LN0: 8 6 4 1
LN1: 5 6 3 5
LN2: 2 6 2 9
LN3: 9 6 1 3
LN4: 6 6 0 7
NL 30
ROOT: 1 9 4 4
LN0: 3 4 3 7
LN1: 0 4 2 1
LN2: 7 4 1 5
LN3: 4 4 0 9
LN4: 1 4 9 3
NL 31
ROOT: 6 1 3 2
LN0: 8 6 2 5
LN1: 5 6 1 9
LN2: 2 6 0 3
LN3: 9 6 9 7
LN4: 6 6 8 1
NL 32
ROOT: 7 9 4 6
LN0: 9 4 3 9
LN1: 6 4 2 3
LN2: 3 4 1 7
LN3: 0 4 0 1
LN4: 7 4 9 5
NL 33
ROOT: 9 1 4 8
LN0: 1 6 3 1
LN1: 8 6 2 5
LN2: 5 6 1 9
LN3: 2 6 0 3
LN4: 9 6 9 7
NL 34
ROOT: 7 9 4 6
LN0: 9 4 3 9
LN1: 6 4 2 3
LN2: 3 4 1 7
LN3: 0 4 0 1
LN4: 7 4 9 5
NL 35
ROOT: 7 9 4 2
LN0: 9 4 3 5
LN1: 6 4 2 9
LN2: 3 4 1 3
LN3: 0 4 0 7
LN4: 7 4 9 1
NL 36
ROOT: 6 1 3 8
LN0: 8 6 2 1
LN1: 5 6 1 5
LN2: 2 6 0 9
LN3: 9 6 9 3
LN4: 6 6 8 7
NL 37
ROOT: 6 1 3 2
LN0: 8 6 2 5
LN1: 5 6 1 9
LN2: 2 6 0 3
LN3: 9 6 9 7
LN4: 6 6 8 1
NL 38
ROOT: 7 9 4 6
LN0: 9 4 3 9
LN1: 6 4 2 3
LN2: 3 4 1 7
LN3: 0 4 0 1
LN4: 7 4 9 5
NL 39
ROOT: 7 9 2 2
LN0: 9 4 1 5
LN1: 6 4 0 9
LN2: 3 4 9 3
LN3: 0 4 8 7
LN4: 7 4 7 1
NL 40
ROOT: 9 1 4 4
LN0: 1 6 3 7
LN1: 8 6 2 1
LN2: 5 6 1 5
LN3: 2 6 0 9
LN4: 9 6 9 3
NL 41
ROOT: 6 1 3 8
LN0: 8 6 2 1
LN1: 5 6 1 5
LN2: 2 6 0 9
LN3: 9 6 9 3
LN4: 6 6 8 7
NL 42
ROOT: 7 9 4 6
LN0: 9 4 3 9
LN1: 6 4 2 3
LN2: 3 4 1 7
LN3: 0 4 0 1
LN4: 7 4 9 5
NL 43
ROOT: 7 9 4 2
LN0: 9 4 3 5
LN1: 6 4 2 9
LN2: 3 4 1 3
LN3: 0 4 0 7
LN4: 7 4 9 1
NL 44
ROOT: 6 1 3 8
LN0: 8 6 2 1
LN1: 5 6 1 5
LN2: 2 6 0 9
LN3: 9 6 9 3
LN4: 6 6 8 7
NL 45
ROOT: 6 1 5 8
LN0: 8 6 4 1
LN1: 5 6 3 5
LN2: 2 6 2 9
LN3: 9 6 1 3
LN4: 6 6 0 7
NL 46
ROOT: 6 1 5 8
LN0: 8 6 4 1
LN1: 5 6 3 5
LN2: 2 6 2 9
LN3: 9 6 1 3
LN4: 6 6 0 7
NL 47
ROOT: 7 9 2 2
LN0: 9 4 1 5
LN1: 6 4 0 9
LN2: 3 4 9 3
LN3: 0 4 8 7
LN4: 7 4 7 1
NL 48
ROOT: 3 1 4 2
LN0: 5 6 3 5
LN1: 2 6 2 9
LN2: 9 6 1 3
LN3: 6 6 0 7
LN4: 3 6 9 1
NL 49
ROOT: 7 9 2 2
LN0: 9 4 1 5
LN1: 6 4 0 9
LN2: 3 4 9 3
LN3: 0 4 8 7
LN4: 7 4 7 1
NL 50
ROOT: 6 1 3 8
LN0: 8 6 2 1
LN1: 5 6 1 5
LN2: 2 6 0 9
LN3: 9 6 9 3
LN4: 6 6 8 7
NL 51
ROOT: 5 0 4 1
LN0: 7 5 3 4
LN1: 4 5 2 8
LN2: 1 5 1 2
LN3: 8 5 0 6
LN4: 5 5 9 0
NL 52
ROOT: 5 0 4 1
LN0: 7 5 3 4
LN1: 4 5 2 8
LN2: 1 5 1 2
LN3: 8 5 0 6
LN4: 5 5 9 0
NL 53
ROOT: 3 1 4 2
LN0: 5 6 3 5
LN1: 2 6 2 9
LN2: 9 6 1 3
LN3: 6 6 0 7
LN4: 3 6 9 1
NL 54
ROOT: 7 9 2 2
LN0: 9 4 1 5
LN1: 6 4 0 9
LN2: 3 4 9 3
LN3: 0 4 8 7
LN4: 7 4 7 1
NL 55
ROOT: 1 9 4 4
LN0: 3 4 3 7
LN1: 0 4 2 1
LN2: 7 4 1 5
LN3: 4 4 0 9
LN4: 1 4 9 3
NL 56
ROOT: 6 1 5 8
LN0: 8 6 4 1
LN1: 5 6 3 5
LN2: 2 6 2 9
LN3: 9 6 1 3
LN4: 6 6 0 7
NL 57
ROOT: 6 1 5 8
LN0: 8 6 4 1
LN1: 5 6 3 5
LN2: 2 6 2 9
LN3: 9 6 1 3
LN4: 6 6 0 7
NL 58
ROOT: 7 9 4 6
LN0: 9 4 3 9
LN1: 6 4 2 3
LN2: 3 4 1 7
LN3: 0 4 0 1
LN4: 7 4 9 5
NL 59
ROOT: 7 9 4 6
LN0: 9 4 3 9
LN1: 6 4 2 3
LN2: 3 4 1 7
LN3: 0 4 0 1
LN4: 7 4 9 5
NL 60
ROOT: 6 1 3 8
LN0: 8 6 2 1
LN1: 5 6 1 5
LN2: 2 6 0 9
LN3: 9 6 9 3
LN4: 6 6 8 7
NL 61
ROOT: 6 1 3 8
LN0: 8 6 2 1
LN1: 5 6 1 5
LN2: 2 6 0 9
LN3: 9 6 9 3
LN4: 6 6 8 7
NL 62
ROOT: 9 1 4 8
LN0: 1 6 3 1
LN1: 8 6 2 5
LN2: 5 6 1 9
LN3: 2 6 0 3
LN4: 9 6 9 7
NL 63
ROOT: 6 1 3 2
LN0: 8 6 2 5
LN1: 5 6 1 9
LN2: 2 6 0 3
LN3: 9 6 9 7
LN4: 6 6 8 1
NL 64
ROOT: 6 1 3 8
LN0: 8 6 2 1
LN1: 5 6 1 5
LN2: 2 6 0 9
LN3: 9 6 9 3
LN4: 6 6 8 7
NL 65
ROOT: 1 9 4 4
LN0: 3 4 3 7
LN1: 0 4 2 1
LN2: 7 4 1 5
LN3: 4 4 0 9
LN4: 1 4 9 3
NL 66
ROOT: 9 1 4 4
LN0: 1 6 3 7
LN1: 8 6 2 1
LN2: 5 6 1 5
LN3: 2 6 0 9
LN4: 9 6 9 3
NL 67
ROOT: 7 9 4 6
LN0: 9 4 3 9
LN1: 6 4 2 3
LN2: 3 4 1 7
LN3: 0 4 0 1
LN4: 7 4 9 5
NL 68
ROOT: 6 1 3 2
LN0: 8 6 2 5
LN1: 5 6 1 9
LN2: 2 6 0 3
LN3: 9 6 9 7
LN4: 6 6 8 1
NL 69
ROOT: 7 9 4 6
LN0: 9 4 3 9
LN1: 6 4 2 3
LN2: 3 4 1 7
LN3: 0 4 0 1
LN4: 7 4 9 5
NL 70
ROOT: 7 9 4 6
LN0: 9 4 3 9
LN1: 6 4 2 3
LN2: 3 4 1 7
LN3: 0 4 0 1
LN4: 7 4 9 5
NL 71
ROOT: 6 1 3 2
LN0: 8 6 2 5
LN1: 5 6 1 9
LN2: 2 6 0 3
LN3: 9 6 9 7
LN4: 6 6 8 1
NL 72
ROOT: 7 9 2 2
LN0: 9 4 1 5
LN1: 6 4 0 9
LN2: 3 4 9 3
LN3: 0 4 8 7
LN4: 7 4 7 1
NL 73
ROOT: 9 1 4 4
LN0: 1 6 3 7
LN1: 8 6 2 1
LN2: 5 6 1 5
LN3: 2 6 0 9
LN4: 9 6 9 3
NL 74
ROOT: 7 9 4 2
LN0: 9 4 3 5
LN1: 6 4 2 9
LN2: 3 4 1 3
LN3: 0 4 0 7
LN4: 7 4 9 1
NL 75
ROOT: 5 0 4 1
LN0: 7 5 3 4
LN1: 4 5 2 8
LN2: 1 5 1 2
LN3: 8 5 0 6
LN4: 5 5 9 0
NL 76
ROOT: 1 9 4 4
LN0: 3 4 3 7
LN1: 0 4 2 1
LN2: 7 4 1 5
LN3: 4 4 0 9
LN4: 1 4 9 3
NL 77
ROOT: 9 1 4 4
LN0: 1 6 3 7
LN1: 8 6 2 1
LN2: 5 6 1 5
LN3: 2 6 0 9
LN4: 9 6 9 3
NL 78
ROOT: 7 9 4 2
LN0: 9 4 3 5
LN1: 6 4 2 9
LN2: 3 4 1 3
LN3: 0 4 0 7
LN4: 7 4 9 1
NL 79
ROOT: 6 1 5 8
LN0: 8 6 4 1
LN1: 5 6 3 5
LN2: 2 6 2 9
LN3: 9 6 1 3
LN4: 6 6 0 7
NL 80
ROOT: 9 1 4 4
LN0: 1 6 3 7
LN1: 8 6 2 1
LN2: 5 6 1 5
LN3: 2 6 0 9
LN4: 9 6 9 3
NL 81
ROOT: 7 9 4 6
LN0: 9 4 3 9
LN1: 6 4 2 3
LN2: 3 4 1 7
LN3: 0 4 0 1
LN4: 7 4 9 5
NL 82
ROOT: 7 9 4 2
LN0: 9 4 3 5
LN1: 6 4 2 9
LN2: 3 4 1 3
LN3: 0 4 0 7
LN4: 7 4 9 1
NL 83
ROOT: 7 9 4 6
LN0: 9 4 3 9
LN1: 6 4 2 3
LN2: 3 4 1 7
LN3: 0 4 0 1
LN4: 7 4 9 5
NL 84
ROOT: 9 1 4 4
LN0: 1 6 3 7
LN1: 8 6 2 1
LN2: 5 6 1 5
LN3: 2 6 0 9
LN4: 9 6 9 3
NL 85
ROOT: 9 1 4 8
LN0: 1 6 3 1
LN1: 8 6 2 5
LN2: 5 6 1 9
LN3: 2 6 0 3
LN4: 9 6 9 7
NL 86
ROOT: 6 1 3 2
LN0: 8 6 2 5
LN1: 5 6 1 9
LN2: 2 6 0 3
LN3: 9 6 9 7
LN4: 6 6 8 1
NL 87
ROOT: 5 0 4 1
LN0: 7 5 3 4
LN1: 4 5 2 8
LN2: 1 5 1 2
LN3: 8 5 0 6
LN4: 5 5 9 0
NL 88
ROOT: 9 1 4 4
LN0: 1 6 3 7
LN1: 8 6 2 1
LN2: 5 6 1 5
LN3: 2 6 0 9
LN4: 9 6 9 3
NL 89
ROOT: 3 1 4 2
LN0: 5 6 3 5
LN1: 2 6 2 9
LN2: 9 6 1 3
LN3: 6 6 0 7
LN4: 3 6 9 1
NL 90
ROOT: 3 1 4 2
LN0: 5 6 3 5
LN1: 2 6 2 9
LN2: 9 6 1 3
LN3: 6 6 0 7
LN4: 3 6 9 1
NL 91
ROOT: 7 9 2 2
LN0: 9 4 1 5
LN1: 6 4 0 9
LN2: 3 4 9 3
LN3: 0 4 8 7
LN4: 7 4 7 1
NL 92
ROOT: 7 9 4 6
LN0: 9 4 3 9
LN1: 6 4 2 3
LN2: 3 4 1 7
LN3: 0 4 0 1
LN4: 7 4 9 5
NL 93
ROOT: 6 1 3 2
LN0: 8 6 2 5
LN1: 5 6 1 9
LN2: 2 6 0 3
LN3: 9 6 9 7
LN4: 6 6 8 1
NL 94
ROOT: 7 9 2 2
LN0: 9 4 1 5
LN1: 6 4 0 9
LN2: 3 4 9 3
LN3: 0 4 8 7
LN4: 7 4 7 1
NL 95
ROOT: 6 1 3 2
LN0: 8 6 2 5
LN1: 5 6 1 9
LN2: 2 6 0 3
LN3: 9 6 9 7
LN4: 6 6 8 1
NL 96
ROOT: 6 1 3 2
LN0: 8 6 2 5
LN1: 5 6 1 9
LN2: 2 6 0 3
LN3: 9 6 9 7
LN4: 6 6 8 1
NL 97
ROOT: 9 1 4 4
LN0: 1 6 3 7
LN1: 8 6 2 1
LN2: 5 6 1 5
LN3: 2 6 0 9
LN4: 9 6 9 3
NL 98
ROOT: 9 1 4 8
LN0: 1 6 3 1
LN1: 8 6 2 5
LN2: 5 6 1 9
LN3: 2 6 0 3
LN4: 9 6 9 7
NL 99
ROOT: 6 1 3 8
LN0: 8 6 2 1
LN1: 5 6 1 5
LN2: 2 6 0 9
LN3: 9 6 9 3
LN4: 6 6 8 7
NL 100
ROOT: 6 1 3 2
LN0: 8 6 2 5
LN1: 5 6 1 9
LN2: 2 6 0 3
LN3: 9 6 9 7
LN4: 6 6 8 1
NL 101
ROOT: 1 9 4 4
LN0: 3 4 3 7
LN1: 0 4 2 1
LN2: 7 4 1 5
LN3: 4 4 0 9
LN4: 1 4 9 3
NL 102
ROOT: 3 1 4 2
LN0: 5 6 3 5
LN1: 2 6 2 9
LN2: 9 6 1 3
LN3: 6 6 0 7
LN4: 3 6 9 1
NL 103
ROOT: 7 9 2 2
LN0: 9 4 1 5
LN1: 6 4 0 9
LN2: 3 4 9 3
LN3: 0 4 8 7
LN4: 7 4 7 1
NL 104
ROOT: 5 0 4 1
LN0: 7 5 3 4
LN1: 4 5 2 8
LN2: 1 5 1 2
LN3: 8 5 0 6
LN4: 5 5 9 0
NL 105
ROOT: 9 1 4 8
LN0: 1 6 3 1
LN1: 8 6 2 5
LN2: 5 6 1 9
LN3: 2 6 0 3
LN4: 9 6 9 7
NL 106
ROOT: 1 9 4 4
LN0: 3 4 3 7
LN1: 0 4 2 1
LN2: 7 4 1 5
LN3: 4 4 0 9
LN4: 1 4 9 3
NL 107
ROOT: 6 1 3 8
LN0: 8 6 2 1
LN1: 5 6 1 5
LN2: 2 6 0 9
LN3: 9 6 9 3
LN4: 6 6 8 7
NL 108
ROOT: 6 1 3 8
LN0: 8 6 2 1
LN1: 5 6 1 5
LN2: 2 6 0 9
LN3: 9 6 9 3
LN4: 6 6 8 7
NL 109
ROOT: 7 9 4 2
LN0: 9 4 3 5
LN1: 6 4 2 9
LN2: 3 4 1 3
LN3: 0 4 0 7
LN4: 7 4 9 1
NL 110
ROOT: 6 1 3 8
LN0: 8 6 2 1
LN1: 5 6 1 5
LN2: 2 6 0 9
LN3: 9 6 9 3
LN4: 6 6 8 7
NL 111
ROOT: 7 9 4 2
LN0: 9 4 3 5
LN1: 6 4 2 9
LN2: 3 4 1 3
LN3: 0 4 0 7
LN4: 7 4 9 1
NL 112
ROOT: 5 0 4 1
LN0: 7 5 3 4
LN1: 4 5 2 8
LN2: 1 5 1 2
LN3: 8 5 0 6
LN4: 5 5 9 0
NL 113
ROOT: 5 0 4 1
LN0: 7 5 3 4
LN1: 4 5 2 8
LN2: 1 5 1 2
LN3: 8 5 0 6
LN4: 5 5 9 0
NL 114
ROOT: 6 1 5 8
LN0: 8 6 4 1
LN1: 5 6 3 5
LN2: 2 6 2 9
LN3: 9 6 1 3
LN4: 6 6 0 7
NL 115
ROOT: 7 9 2 2
LN0: 9 4 1 5
LN1: 6 4 0 9
LN2: 3 4 9 3
LN3: 0 4 8 7
LN4: 7 4 7 1
NL 116
ROOT: 7 9 4 6
LN0: 9 4 3 9
LN1: 6 4 2 3
LN2: 3 4 1 7
LN3: 0 4 0 1
LN4: 7 4 9 5
NL 117
ROOT: 6 1 3 2
LN0: 8 6 2 5
LN1: 5 6 1 9
LN2: 2 6 0 3
LN3: 9 6 9 7
LN4: 6 6 8 1
NL 118
ROOT: 3 1 4 2
LN0: 5 6 3 5
LN1: 2 6 2 9
LN2: 9 6 1 3
LN3: 6 6 0 7
LN4: 3 6 9 1
NL 119
ROOT: 9 1 4 4
LN0: 1 6 3 7
LN1: 8 6 2 1
LN2: 5 6 1 5
LN3: 2 6 0 9
LN4: 9 6 9 3
NL 120
ROOT: 6 1 3 2
LN0: 8 6 2 5
LN1: 5 6 1 9
LN2: 2 6 0 3
LN3: 9 6 9 7
LN4: 6 6 8 1
NL 121
ROOT: 3 1 4 2
LN0: 5 6 3 5
LN1: 2 6 2 9
LN2: 9 6 1 3
LN3: 6 6 0 7
LN4: 3 6 9 1
NL 122
ROOT: 5 0 4 1
LN0: 7 5 3 4
LN1: 4 5 2 8
LN2: 1 5 1 2
LN3: 8 5 0 6
LN4: 5 5 9 0
NL 123
ROOT: 5 0 4 1
LN0: 7 5 3 4
LN1: 4 5 2 8
LN2: 1 5 1 2
LN3: 8 5 0 6
LN4: 5 5 9 0
NL 124
ROOT: 6 1 5 8
LN0: 8 6 4 1
LN1: 5 6 3 5
LN2: 2 6 2 9
LN3: 9 6 1 3
LN4: 6 6 0 7
NL 125
ROOT: 7 9 4 6
LN0: 9 4 3 9
LN1: 6 4 2 3
LN2: 3 4 1 7
LN3: 0 4 0 1
LN4: 7 4 9 5
NL 126
ROOT: 6 1 3 8
LN0: 8 6 2 1
LN1: 5 6 1 5
LN2: 2 6 0 9
LN3: 9 6 9 3
LN4: 6 6 8 7
NL 127
ROOT: 6 1 3 2
LN0: 8 6 2 5
LN1: 5 6 1 9
LN2: 2 6 0 3
LN3: 9 6 9 7
LN4: 6 6 8 1
NL 128
ROOT: 7 9 2 2
LN0: 9 4 1 5
LN1: 6 4 0 9
LN2: 3 4 9 3
LN3: 0 4 8 7
LN4: 7 4 7 1
NL 129
ROOT: 5 0 4 1
LN0: 7 5 3 4
LN1: 4 5 2 8
LN2: 1 5 1 2
LN3: 8 5 0 6
LN4: 5 5 9 0
NL 130
ROOT: 1 9 4 4
LN0: 3 4 3 7
LN1: 0 4 2 1
LN2: 7 4 1 5
LN3: 4 4 0 9
LN4: 1 4 9 3
NL 131
ROOT: 6 1 3 2
LN0: 8 6 2 5
LN1: 5 6 1 9
LN2: 2 6 0 3
LN3: 9 6 9 7
LN4: 6 6 8 1
NL 132
ROOT: 1 9 4 4
LN0: 3 4 3 7
LN1: 0 4 2 1
LN2: 7 4 1 5
LN3: 4 4 0 9
LN4: 1 4 9 3
NL 133
ROOT: 9 1 4 4
LN0: 1 6 3 7
LN1: 8 6 2 1
LN2: 5 6 1 5
LN3: 2 6 0 9
LN4: 9 6 9 3
NL 134
ROOT: 1 9 4 4
LN0: 3 4 3 7
LN1: 0 4 2 1
LN2: 7 4 1 5
LN3: 4 4 0 9
LN4: 1 4 9 3
NL 135
ROOT: 5 0 4 1
LN0: 7 5 3 4
LN1: 4 5 2 8
LN2: 1 5 1 2
LN3: 8 5 0 6
LN4: 5 5 9 0
NL 136
ROOT: 6 1 3 2
LN0: 8 6 2 5
LN1: 5 6 1 9
LN2: 2 6 0 3
LN3: 9 6 9 7
LN4: 6 6 8 1
NL 137
ROOT: 1 9 4 4
LN0: 3 4 3 7
LN1: 0 4 2 1
LN2: 7 4 1 5
LN3: 4 4 0 9
LN4: 1 4 9 3
NL 138
ROOT: 6 1 3 8
LN0: 8 6 2 1
LN1: 5 6 1 5
LN2: 2 6 0 9
LN3: 9 6 9 3
LN4: 6 6 8 7
NL 139
ROOT: 3 1 4 2
LN0: 5 6 3 5
LN1: 2 6 2 9
LN2: 9 6 1 3
LN3: 6 6 0 7
LN4: 3 6 9 1
NL 140
ROOT: 1 9 4 4
LN0: 3 4 3 7
LN1: 0 4 2 1
LN2: 7 4 1 5
LN3: 4 4 0 9
LN4: 1 4 9 3
NL 141
ROOT: 6 1 3 2
LN0: 8 6 2 5
LN1: 5 6 1 9
LN2: 2 6 0 3
LN3: 9 6 9 7
LN4: 6 6 8 1
NL 142
ROOT: 5 0 4 1
LN0: 7 5 3 4
LN1: 4 5 2 8
LN2: 1 5 1 2
LN3: 8 5 0 6
LN4: 5 5 9 0
NL 143
ROOT: 5 0 4 1
LN0: 7 5 3 4
LN1: 4 5 2 8
LN2: 1 5 1 2
LN3: 8 5 0 6
LN4: 5 5 9 0
NL 144
ROOT: 1 9 4 4
LN0: 3 4 3 7
LN1: 0 4 2 1
LN2: 7 4 1 5
LN3: 4 4 0 9
LN4: 1 4 9 3
NL 145
ROOT: 7 9 4 2
LN0: 9 4 3 5
LN1: 6 4 2 9
LN2: 3 4 1 3
LN3: 0 4 0 7
LN4: 7 4 9 1
NL 146
ROOT: 1 9 4 4
LN0: 3 4 3 7
LN1: 0 4 2 1
LN2: 7 4 1 5
LN3: 4 4 0 9
LN4: 1 4 9 3
NL 147
ROOT: 6 1 3 8
LN0: 8 6 2 1
LN1: 5 6 1 5
LN2: 2 6 0 9
LN3: 9 6 9 3
LN4: 6 6 8 7
NL 148
ROOT: 1 9 4 4
LN0: 3 4 3 7
LN1: 0 4 2 1
LN2: 7 4 1 5
LN3: 4 4 0 9
LN4: 1 4 9 3
NL 149
ROOT: 7 9 4 6
LN0: 9 4 3 9
LN1: 6 4 2 3
LN2: 3 4 1 7
LN3: 0 4 0 1
LN4: 7 4 9 5
NL 150
ROOT: 6 1 3 2
LN0: 8 6 2 5
LN1: 5 6 1 9
LN2: 2 6 0 3
LN3: 9 6 9 7
LN4: 6 6 8 1
NL 151
ROOT: 7 9 4 6
LN0: 9 4 3 9
LN1: 6 4 2 3
LN2: 3 4 1 7
LN3: 0 4 0 1
LN4: 7 4 9 5
NL 152
ROOT: 1 9 4 4
LN0: 3 4 3 7
LN1: 0 4 2 1
LN2: 7 4 1 5
LN3: 4 4 0 9
LN4: 1 4 9 3
NL 153
ROOT: 9 1 4 8
LN0: 1 6 3 1
LN1: 8 6 2 5
LN2: 5 6 1 9
LN3: 2 6 0 3
LN4: 9 6 9 7
NL 154
ROOT: 1 9 4 4
LN0: 3 4 3 7
LN1: 0 4 2 1
LN2: 7 4 1 5
LN3: 4 4 0 9
LN4: 1 4 9 3
NL 155
ROOT: 9 1 4 8
LN0: 1 6 3 1
LN1: 8 6 2 5
LN2: 5 6 1 9
LN3: 2 6 0 3
LN4: 9 6 9 7
NL 156
ROOT: 6 1 3 8
LN0: 8 6 2 1
LN1: 5 6 1 5
LN2: 2 6 0 9
LN3: 9 6 9 3
LN4: 6 6 8 7
NL 157
ROOT: 6 1 3 2
LN0: 8 6 2 5
LN1: 5 6 1 9
LN2: 2 6 0 3
LN3: 9 6 9 7
LN4: 6 6 8 1
NL 158
ROOT: 6 1 5 8
LN0: 8 6 4 1
LN1: 5 6 3 5
LN2: 2 6 2 9
LN3: 9 6 1 3
LN4: 6 6 0 7
NL 159
ROOT: 5 0 4 1
LN0: 7 5 3 4
LN1: 4 5 2 8
LN2: 1 5 1 2
LN3: 8 5 0 6
LN4: 5 5 9 0
NL 160
ROOT: 7 9 4 2
LN0: 9 4 3 5
LN1: 6 4 2 9
LN2: 3 4 1 3
LN3: 0 4 0 7
LN4: 7 4 9 1
NL 161
ROOT: 7 9 4 2
LN0: 9 4 3 5
LN1: 6 4 2 9
LN2: 3 4 1 3
LN3: 0 4 0 7
LN4: 7 4 9 1
NL 162
ROOT: 1 9 4 4
LN0: 3 4 3 7
LN1: 0 4 2 1
LN2: 7 4 1 5
LN3: 4 4 0 9
LN4: 1 4 9 3
NL 163
ROOT: 3 1 4 2
LN0: 5 6 3 5
LN1: 2 6 2 9
LN2: 9 6 1 3
LN3: 6 6 0 7
LN4: 3 6 9 1
NL 164
ROOT: 5 0 4 1
LN0: 7 5 3 4
LN1: 4 5 2 8
LN2: 1 5 1 2
LN3: 8 5 0 6
LN4: 5 5 9 0
NL 165
ROOT: 9 1 4 4
LN0: 1 6 3 7
LN1: 8 6 2 1
LN2: 5 6 1 5
LN3: 2 6 0 9
LN4: 9 6 9 3
NL 166
ROOT: 5 0 4 1
LN0: 7 5 3 4
LN1: 4 5 2 8
LN2: 1 5 1 2
LN3: 8 5 0 6
LN4: 5 5 9 0
NL 167
ROOT: 6 1 5 8
LN0: 8 6 4 1
LN1: 5 6 3 5
LN2: 2 6 2 9
LN3: 9 6 1 3
LN4: 6 6 0 7
NL 168
ROOT: 7 9 2 2
LN0: 9 4 1 5
LN1: 6 4 0 9
LN2: 3 4 9 3
LN3: 0 4 8 7
LN4: 7 4 7 1
NL 169
ROOT: 7 9 2 2
LN0: 9 4 1 5
LN1: 6 4 0 9
LN2: 3 4 9 3
LN3: 0 4 8 7
LN4: 7 4 7 1
NL 170
ROOT: 3 1 4 2
LN0: 5 6 3 5
LN1: 2 6 2 9
LN2: 9 6 1 3
LN3: 6 6 0 7
LN4: 3 6 9 1
NL 171
ROOT: 9 1 4 4
LN0: 1 6 3 7
LN1: 8 6 2 1
LN2: 5 6 1 5
LN3: 2 6 0 9
LN4: 9 6 9 3
NL 172
ROOT: 3 1 4 2
LN0: 5 6 3 5
LN1: 2 6 2 9
LN2: 9 6 1 3
LN3: 6 6 0 7
LN4: 3 6 9 1
NL 173
ROOT: 9 1 4 4
LN0: 1 6 3 7
LN1: 8 6 2 1
LN2: 5 6 1 5
LN3: 2 6 0 9
LN4: 9 6 9 3
NL 174
ROOT: 5 0 4 1
LN0: 7 5 3 4
LN1: 4 5 2 8
LN2: 1 5 1 2
LN3: 8 5 0 6
LN4: 5 5 9 0
NL 175
ROOT: 9 1 4 8
LN0: 1 6 3 1
LN1: 8 6 2 5
LN2: 5 6 1 9
LN3: 2 6 0 3
LN4: 9 6 9 7
NL 176
ROOT: 6 1 5 8
LN0: 8 6 4 1
LN1: 5 6 3 5
LN2: 2 6 2 9
LN3: 9 6 1 3
LN4: 6 6 0 7
NL 177
ROOT: 6 1 5 8
LN0: 8 6 4 1
LN1: 5 6 3 5
LN2: 2 6 2 9
LN3: 9 6 1 3
LN4: 6 6 0 7
NL 178
ROOT: 7 9 2 2
LN0: 9 4 1 5
LN1: 6 4 0 9
LN2: 3 4 9 3
LN3: 0 4 8 7
LN4: 7 4 7 1
NL 179
ROOT: 6 1 3 8
LN0: 8 6 2 1
LN1: 5 6 1 5
LN2: 2 6 0 9
LN3: 9 6 9 3
LN4: 6 6 8 7
NL 180
ROOT: 5 0 4 1
LN0: 7 5 3 4
LN1: 4 5 2 8
LN2: 1 5 1 2
LN3: 8 5 0 6
LN4: 5 5 9 0
NL 181
ROOT: 6 1 5 8
LN0: 8 6 4 1
LN1: 5 6 3 5
LN2: 2 6 2 9
LN3: 9 6 1 3
LN4: 6 6 0 7
NL 182
ROOT: 7 9 2 2
LN0: 9 4 1 5
LN1: 6 4 0 9
LN2: 3 4 9 3
LN3: 0 4 8 7
LN4: 7 4 7 1
NL 183
ROOT: 7 9 2 2
LN0: 9 4 1 5
LN1: 6 4 0 9
LN2: 3 4 9 3
LN3: 0 4 8 7
LN4: 7 4 7 1
NL 184
ROOT: 7 9 2 2
LN0: 9 4 1 5
LN1: 6 4 0 9
LN2: 3 4 9 3
LN3: 0 4 8 7
LN4: 7 4 7 1
NL 185
ROOT: 6 1 3 8
LN0: 8 6 2 1
LN1: 5 6 1 5
LN2: 2 6 0 9
LN3: 9 6 9 3
LN4: 6 6 8 7
NL 186
ROOT: 5 0 4 1
LN0: 7 5 3 4
LN1: 4 5 2 8
LN2: 1 5 1 2
LN3: 8 5 0 6
LN4: 5 5 9 0
NL 187
ROOT: 7 9 4 2
LN0: 9 4 3 5
LN1: 6 4 2 9
LN2: 3 4 1 3
LN3: 0 4 0 7
LN4: 7 4 9 1
NL 188
ROOT: 6 1 3 2
LN0: 8 6 2 5
LN1: 5 6 1 9
LN2: 2 6 0 3
LN3: 9 6 9 7
LN4: 6 6 8 1
NL 189
ROOT: 6 1 3 2
LN0: 8 6 2 5
LN1: 5 6 1 9
LN2: 2 6 0 3
LN3: 9 6 9 7
LN4: 6 6 8 1
NL 190
ROOT: 7 9 2 2
LN0: 9 4 1 5
LN1: 6 4 0 9
LN2: 3 4 9 3
LN3: 0 4 8 7
LN4: 7 4 7 1
NL 191
ROOT: 5 0 4 1
LN0: 7 5 3 4
LN1: 4 5 2 8
LN2: 1 5 1 2
LN3: 8 5 0 6
LN4: 5 5 9 0
NL 192
ROOT: 7 9 4 2
LN0: 9 4 3 5
LN1: 6 4 2 9
LN2: 3 4 1 3
LN3: 0 4 0 7
LN4: 7 4 9 1
NL 193
ROOT: 9 1 4 8
LN0: 1 6 3 1
LN1: 8 6 2 5
LN2: 5 6 1 9
LN3: 2 6 0 3
LN4: 9 6 9 7
NL 194
ROOT: 6 1 3 8
LN0: 8 6 2 1
LN1: 5 6 1 5
LN2: 2 6 0 9
LN3: 9 6 9 3
LN4: 6 6 8 7
NL 195
ROOT: 6 1 5 8
LN0: 8 6 4 1
LN1: 5 6 3 5
LN2: 2 6 2 9
LN3: 9 6 1 3
LN4: 6 6 0 7
NL 196
ROOT: 6 1 3 8
LN0: 8 6 2 1
LN1: 5 6 1 5
LN2: 2 6 0 9
LN3: 9 6 9 3
LN4: 6 6 8 7
NL 197
ROOT: 9 1 4 4
LN0: 1 6 3 7
LN1: 8 6 2 1
LN2: 5 6 1 5
LN3: 2 6 0 9
LN4: 9 6 9 3
NL 198
ROOT: 1 9 4 4
LN0: 3 4 3 7
LN1: 0 4 2 1
LN2: 7 4 1 5
LN3: 4 4 0 9
LN4: 1 4 9 3
NL 199
ROOT: 6 1 3 2
LN0: 8 6 2 5
LN1: 5 6 1 9
LN2: 2 6 0 3
LN3: 9 6 9 7
LN4: 6 6 8 1
NL 200
ROOT: 6 1 5 8
LN0: 8 6 4 1
LN1: 5 6 3 5
LN2: 2 6 2 9
LN3: 9 6 1 3
LN4: 6 6 0 7
NL 201
ROOT: 6 1 3 2
LN0: 8 6 2 5
LN1: 5 6 1 9
LN2: 2 6 0 3
LN3: 9 6 9 7
LN4: 6 6 8 1
NL 202
ROOT: 6 1 3 8
LN0: 8 6 2 1
LN1: 5 6 1 5
LN2: 2 6 0 9
LN3: 9 6 9 3
LN4: 6 6 8 7
NL 203
ROOT: 5 0 4 1
LN0: 7 5 3 4
LN1: 4 5 2 8
LN2: 1 5 1 2
LN3: 8 5 0 6
LN4: 5 5 9 0
NL 204
ROOT: 6 1 3 8
LN0: 8 6 2 1
LN1: 5 6 1 5
LN2: 2 6 0 9
LN3: 9 6 9 3
LN4: 6 6 8 7
NL 205
ROOT: 1 9 4 4
LN0: 3 4 3 7
LN1: 0 4 2 1
LN2: 7 4 1 5
LN3: 4 4 0 9
LN4: 1 4 9 3
NL 206
ROOT: 7 9 4 2
LN0: 9 4 3 5
LN1: 6 4 2 9
LN2: 3 4 1 3
LN3: 0 4 0 7
LN4: 7 4 9 1
NL 207
ROOT: 6 1 5 8
LN0: 8 6 4 1
LN1: 5 6 3 5
LN2: 2 6 2 9
LN3: 9 6 1 3
LN4: 6 6 0 7
NL 208
ROOT: 9 1 4 4
LN0: 1 6 3 7
LN1: 8 6 2 1
LN2: 5 6 1 5
LN3: 2 6 0 9
LN4: 9 6 9 3
NL 209
ROOT: 3 1 4 2
LN0: 5 6 3 5
LN1: 2 6 2 9
LN2: 9 6 1 3
LN3: 6 6 0 7
LN4: 3 6 9 1
NL 210
ROOT: 6 1 3 8
LN0: 8 6 2 1
LN1: 5 6 1 5
LN2: 2 6 0 9
LN3: 9 6 9 3
LN4: 6 6 8 7
NL 211
ROOT: 3 1 4 2
LN0: 5 6 3 5
LN1: 2 6 2 9
LN2: 9 6 1 3
LN3: 6 6 0 7
LN4: 3 6 9 1
NL 212
ROOT: 5 0 4 1
LN0: 7 5 3 4
LN1: 4 5 2 8
LN2: 1 5 1 2
LN3: 8 5 0 6
LN4: 5 5 9 0
NL 213
ROOT: 5 0 4 1
LN0: 7 5 3 4
LN1: 4 5 2 8
LN2: 1 5 1 2
LN3: 8 5 0 6
LN4: 5 5 9 0
NL 214
ROOT: 7 9 4 2
LN0: 9 4 3 5
LN1: 6 4 2 9
LN2: 3 4 1 3
LN3: 0 4 0 7
LN4: 7 4 9 1
NL 215
ROOT: 7 9 4 2
LN0: 9 4 3 5
LN1: 6 4 2 9
LN2: 3 4 1 3
LN3: 0 4 0 7
LN4: 7 4 9 1
NL 216
ROOT: 5 0 4 1
LN0: 7 5 3 4
LN1: 4 5 2 8
LN2: 1 5 1 2
LN3: 8 5 0 6
LN4: 5 5 9 0
NL 217
ROOT: 9 1 4 4
LN0: 1 6 3 7
LN1: 8 6 2 1
LN2: 5 6 1 5
LN3: 2 6 0 9
LN4: 9 6 9 3
NL 218
ROOT: 9 1 4 8
LN0: 1 6 3 1
LN1: 8 6 2 5
LN2: 5 6 1 9
LN3: 2 6 0 3
LN4: 9 6 9 7
NL 219
ROOT: 7 9 4 6
LN0: 9 4 3 9
LN1: 6 4 2 3
LN2: 3 4 1 7
LN3: 0 4 0 1
LN4: 7 4 9 5
NL 220
ROOT: 3 1 4 2
LN0: 5 6 3 5
LN1: 2 6 2 9
LN2: 9 6 1 3
LN3: 6 6 0 7
LN4: 3 6 9 1
NL 221
ROOT: 9 1 4 4
LN0: 1 6 3 7
LN1: 8 6 2 1
LN2: 5 6 1 5
LN3: 2 6 0 9
LN4: 9 6 9 3
NL 222
ROOT: 6 1 3 8
LN0: 8 6 2 1
LN1: 5 6 1 5
LN2: 2 6 0 9
LN3: 9 6 9 3
LN4: 6 6 8 7
NL 223
ROOT: 9 1 4 8
LN0: 1 6 3 1
LN1: 8 6 2 5
LN2: 5 6 1 9
LN3: 2 6 0 3
LN4: 9 6 9 7
NL 224
ROOT: 5 0 4 1
LN0: 7 5 3 4
LN1: 4 5 2 8
LN2: 1 5 1 2
LN3: 8 5 0 6
LN4: 5 5 9 0
NL 225
ROOT: 9 1 4 8
LN0: 1 6 3 1
LN1: 8 6 2 5
LN2: 5 6 1 9
LN3: 2 6 0 3
LN4: 9 6 9 7
NL 226
ROOT: 9 1 4 4
LN0: 1 6 3 7
LN1: 8 6 2 1
LN2: 5 6 1 5
LN3: 2 6 0 9
LN4: 9 6 9 3
NL 227
ROOT: 6 1 5 8
LN0: 8 6 4 1
LN1: 5 6 3 5
LN2: 2 6 2 9
LN3: 9 6 1 3
LN4: 6 6 0 7
NL 228
ROOT: 3 1 4 2
LN0: 5 6 3 5
LN1: 2 6 2 9
LN2: 9 6 1 3
LN3: 6 6 0 7
LN4: 3 6 9 1
NL 229
ROOT: 6 1 3 8
LN0: 8 6 2 1
LN1: 5 6 1 5
LN2: 2 6 0 9
LN3: 9 6 9 3
LN4: 6 6 8 7
NL 230
ROOT: 7 9 4 6
LN0: 9 4 3 9
LN1: 6 4 2 3
LN2: 3 4 1 7
LN3: 0 4 0 1
LN4: 7 4 9 5
NL 231
ROOT: 9 1 4 4
LN0: 1 6 3 7
LN1: 8 6 2 1
LN2: 5 6 1 5
LN3: 2 6 0 9
LN4: 9 6 9 3
NL 232
ROOT: 6 1 3 2
LN0: 8 6 2 5
LN1: 5 6 1 9
LN2: 2 6 0 3
LN3: 9 6 9 7
LN4: 6 6 8 1
NL 233
ROOT: 6 1 3 2
LN0: 8 6 2 5
LN1: 5 6 1 9
LN2: 2 6 0 3
LN3: 9 6 9 7
LN4: 6 6 8 1
NL 234
ROOT: 6 1 3 2
LN0: 8 6 2 5
LN1: 5 6 1 9
LN2: 2 6 0 3
LN3: 9 6 9 7
LN4: 6 6 8 1
NL 235
ROOT: 7 9 4 6
LN0: 9 4 3 9
LN1: 6 4 2 3
LN2: 3 4 1 7
LN3: 0 4 0 1
LN4: 7 4 9 5
NL 236
ROOT: 5 0 4 1
LN0: 7 5 3 4
LN1: 4 5 2 8
LN2: 1 5 1 2
LN3: 8 5 0 6
LN4: 5 5 9 0
NL 237
ROOT: 7 9 4 2
LN0: 9 4 3 5
LN1: 6 4 2 9
LN2: 3 4 1 3
LN3: 0 4 0 7
LN4: 7 4 9 1
NL 238
ROOT: 7 9 4 2
LN0: 9 4 3 5
LN1: 6 4 2 9
LN2: 3 4 1 3
LN3: 0 4 0 7
LN4: 7 4 9 1
NL 239
ROOT: 1 9 4 4
LN0: 3 4 3 7
LN1: 0 4 2 1
LN2: 7 4 1 5
LN3: 4 4 0 9
LN4: 1 4 9 3
NL 240
ROOT: 3 1 4 2
LN0: 5 6 3 5
LN1: 2 6 2 9
LN2: 9 6 1 3
LN3: 6 6 0 7
LN4: 3 6 9 1
NL 241
ROOT: 6 1 3 8
LN0: 8 6 2 1
LN1: 5 6 1 5
LN2: 2 6 0 9
LN3: 9 6 9 3
LN4: 6 6 8 7
NL 242
ROOT: 6 1 3 8
LN0: 8 6 2 1
LN1: 5 6 1 5
LN2: 2 6 0 9
LN3: 9 6 9 3
LN4: 6 6 8 7
NL 243
ROOT: 1 9 4 4
LN0: 3 4 3 7
LN1: 0 4 2 1
LN2: 7 4 1 5
LN3: 4 4 0 9
LN4: 1 4 9 3
NL 244
ROOT: 6 1 3 8
LN0: 8 6 2 1
LN1: 5 6 1 5
LN2: 2 6 0 9
LN3: 9 6 9 3
LN4: 6 6 8 7
NL 245
ROOT: 7 9 4 6
LN0: 9 4 3 9
LN1: 6 4 2 3
LN2: 3 4 1 7
LN3: 0 4 0 1
LN4: 7 4 9 5
NL 246
ROOT: 1 9 4 4
LN0: 3 4 3 7
LN1: 0 4 2 1
LN2: 7 4 1 5
LN3: 4 4 0 9
LN4: 1 4 9 3
NL 247
ROOT: 5 0 4 1
LN0: 7 5 3 4
LN1: 4 5 2 8
LN2: 1 5 1 2
LN3: 8 5 0 6
LN4: 5 5 9 0
NL 248
ROOT: 3 1 4 2
LN0: 5 6 3 5
LN1: 2 6 2 9
LN2: 9 6 1 3
LN3: 6 6 0 7
LN4: 3 6 9 1
NL 249
ROOT: 7 9 4 2
LN0: 9 4 3 5
LN1: 6 4 2 9
LN2: 3 4 1 3
LN3: 0 4 0 7
LN4: 7 4 9 1
NL 250
ROOT: 1 9 4 4
LN0: 3 4 3 7
LN1: 0 4 2 1
LN2: 7 4 1 5
LN3: 4 4 0 9
LN4: 1 4 9 3
NL 251
ROOT: 7 9 4 2
LN0: 9 4 3 5
LN1: 6 4 2 9
LN2: 3 4 1 3
LN3: 0 4 0 7
LN4: 7 4 9 1
NL 252
ROOT: 7 9 4 6
LN0: 9 4 3 9
LN1: 6 4 2 3
LN2: 3 4 1 7
LN3: 0 4 0 1
LN4: 7 4 9 5
NL 253
ROOT: 6 1 3 2
LN0: 8 6 2 5
LN1: 5 6 1 9
LN2: 2 6 0 3
LN3: 9 6 9 7
LN4: 6 6 8 1
NL 254
ROOT: 5 0 4 1
LN0: 7 5 3 4
LN1: 4 5 2 8
LN2: 1 5 1 2
LN3: 8 5 0 6
LN4: 5 5 9 0
NL 255
ROOT: 6 1 3 2
LN0: 8 6 2 5
LN1: 5 6 1 9
LN2: 2 6 0 3
LN3: 9 6 9 7
LN4: 6 6 8 1
NL 256
ROOT: 9 1 4 4
LN0: 1 6 3 7
LN1: 8 6 2 1
LN2: 5 6 1 5
LN3: 2 6 0 9
LN4: 9 6 9 3
NL 257
ROOT: 6 1 3 8
LN0: 8 6 2 1
LN1: 5 6 1 5
LN2: 2 6 0 9
LN3: 9 6 9 3
LN4: 6 6 8 7
NL 258
ROOT: 9 1 4 8
LN0: 1 6 3 1
LN1: 8 6 2 5
LN2: 5 6 1 9
LN3: 2 6 0 3
LN4: 9 6 9 7
NL 259
ROOT: 9 1 4 8
LN0: 1 6 3 1
LN1: 8 6 2 5
LN2: 5 6 1 9
LN3: 2 6 0 3
LN4: 9 6 9 7
NL 260
ROOT: 7 9 2 2
LN0: 9 4 1 5
LN1: 6 4 0 9
LN2: 3 4 9 3
LN3: 0 4 8 7
LN4: 7 4 7 1
NL 261
ROOT: 6 1 3 2
LN0: 8 6 2 5
LN1: 5 6 1 9
LN2: 2 6 0 3
LN3: 9 6 9 7
LN4: 6 6 8 1
NL 262
ROOT: 6 1 3 8
LN0: 8 6 2 1
LN1: 5 6 1 5
LN2: 2 6 0 9
LN3: 9 6 9 3
LN4: 6 6 8 7
NL 263
ROOT: 7 9 4 6
LN0: 9 4 3 9
LN1: 6 4 2 3
LN2: 3 4 1 7
LN3: 0 4 0 1
LN4: 7 4 9 5
NL 264
ROOT: 7 9 4 6
LN0: 9 4 3 9
LN1: 6 4 2 3
LN2: 3 4 1 7
LN3: 0 4 0 1
LN4: 7 4 9 5
NL 265
ROOT: 6 1 5 8
LN0: 8 6 4 1
LN1: 5 6 3 5
LN2: 2 6 2 9
LN3: 9 6 1 3
LN4: 6 6 0 7
NL 266
ROOT: 3 1 4 2
LN0: 5 6 3 5
LN1: 2 6 2 9
LN2: 9 6 1 3
LN3: 6 6 0 7
LN4: 3 6 9 1
NL 267
ROOT: 7 9 2 2
LN0: 9 4 1 5
LN1: 6 4 0 9
LN2: 3 4 9 3
LN3: 0 4 8 7
LN4: 7 4 7 1
NL 268
ROOT: 6 1 3 2
LN0: 8 6 2 5
LN1: 5 6 1 9
LN2: 2 6 0 3
LN3: 9 6 9 7
LN4: 6 6 8 1
NL 269
ROOT: 7 9 4 2
LN0: 9 4 3 5
LN1: 6 4 2 9
LN2: 3 4 1 3
LN3: 0 4 0 7
LN4: 7 4 9 1
NL 270
ROOT: 3 1 4 2
LN0: 5 6 3 5
LN1: 2 6 2 9
LN2: 9 6 1 3
LN3: 6 6 0 7
LN4: 3 6 9 1
NL 271
ROOT: 7 9 4 2
LN0: 9 4 3 5
LN1: 6 4 2 9
LN2: 3 4 1 3
LN3: 0 4 0 7
LN4: 7 4 9 1
NL 272
ROOT: 1 9 4 4
LN0: 3 4 3 7
LN1: 0 4 2 1
LN2: 7 4 1 5
LN3: 4 4 0 9
LN4: 1 4 9 3
NL 273
ROOT: 7 9 2 2
LN0: 9 4 1 5
LN1: 6 4 0 9
LN2: 3 4 9 3
LN3: 0 4 8 7
LN4: 7 4 7 1
NL 274
ROOT: 6 1 3 8
LN0: 8 6 2 1
LN1: 5 6 1 5
LN2: 2 6 0 9
LN3: 9 6 9 3
LN4: 6 6 8 7
NL 275
ROOT: 9 1 4 4
LN0: 1 6 3 7
LN1: 8 6 2 1
LN2: 5 6 1 5
LN3: 2 6 0 9
LN4: 9 6 9 3
NL 276
ROOT: 1 9 4 4
LN0: 3 4 3 7
LN1: 0 4 2 1
LN2: 7 4 1 5
LN3: 4 4 0 9
LN4: 1 4 9 3
NL 277
ROOT: 5 0 4 1
LN0: 7 5 3 4
LN1: 4 5 2 8
LN2: 1 5 1 2
LN3: 8 5 0 6
LN4: 5 5 9 0
NL 278
ROOT: 6 1 3 8
LN0: 8 6 2 1
LN1: 5 6 1 5
LN2: 2 6 0 9
LN3: 9 6 9 3
LN4: 6 6 8 7
NL 279
ROOT: 9 1 4 4
LN0: 1 6 3 7
LN1: 8 6 2 1
LN2: 5 6 1 5
LN3: 2 6 0 9
LN4: 9 6 9 3
NL 280
ROOT: 6 1 3 8
LN0: 8 6 2 1
LN1: 5 6 1 5
LN2: 2 6 0 9
LN3: 9 6 9 3
LN4: 6 6 8 7
NL 281
ROOT: 7 9 4 2
LN0: 9 4 3 5
LN1: 6 4 2 9
LN2: 3 4 1 3
LN3: 0 4 0 7
LN4: 7 4 9 1
NL 282
ROOT: 6 1 3 8
LN0: 8 6 2 1
LN1: 5 6 1 5
LN2: 2 6 0 9
LN3: 9 6 9 3
LN4: 6 6 8 7
NL 283
ROOT: 7 9 2 2
LN0: 9 4 1 5
LN1: 6 4 0 9
LN2: 3 4 9 3
LN3: 0 4 8 7
LN4: 7 4 7 1
NL 284
ROOT: 9 1 4 8
LN0: 1 6 3 1
LN1: 8 6 2 5
LN2: 5 6 1 9
LN3: 2 6 0 3
LN4: 9 6 9 7
NL 285
ROOT: 1 9 4 4
LN0: 3 4 3 7
LN1: 0 4 2 1
LN2: 7 4 1 5
LN3: 4 4 0 9
LN4: 1 4 9 3
NL 286
ROOT: 3 1 4 2
LN0: 5 6 3 5
LN1: 2 6 2 9
LN2: 9 6 1 3
LN3: 6 6 0 7
LN4: 3 6 9 1
NL 287
ROOT: 9 1 4 4
LN0: 1 6 3 7
LN1: 8 6 2 1
LN2: 5 6 1 5
LN3: 2 6 0 9
LN4: 9 6 9 3
NL 288
ROOT: 9 1 4 8
LN0: 1 6 3 1
LN1: 8 6 2 5
LN2: 5 6 1 9
LN3: 2 6 0 3
LN4: 9 6 9 7
NL 289
ROOT: 9 1 4 4
LN0: 1 6 3 7
LN1: 8 6 2 1
LN2: 5 6 1 5
LN3: 2 6 0 9
LN4: 9 6 9 3
NL 290
ROOT: 3 1 4 2
LN0: 5 6 3 5
LN1: 2 6 2 9
LN2: 9 6 1 3
LN3: 6 6 0 7
LN4: 3 6 9 1
NL 291
ROOT: 1 9 4 4
LN0: 3 4 3 7
LN1: 0 4 2 1
LN2: 7 4 1 5
LN3: 4 4 0 9
LN4: 1 4 9 3
NL 292
ROOT: 5 0 4 1
LN0: 7 5 3 4
LN1: 4 5 2 8
LN2: 1 5 1 2
LN3: 8 5 0 6
LN4: 5 5 9 0
NL 293
ROOT: 5 0 4 1
LN0: 7 5 3 4
LN1: 4 5 2 8
LN2: 1 5 1 2
LN3: 8 5 0 6
LN4: 5 5 9 0
NL 294
ROOT: 9 1 4 4
LN0: 1 6 3 7
LN1: 8 6 2 1
LN2: 5 6 1 5
LN3: 2 6 0 9
LN4: 9 6 9 3
NL 295
ROOT: 9 1 4 4
LN0: 1 6 3 7
LN1: 8 6 2 1
LN2: 5 6 1 5
LN3: 2 6 0 9
LN4: 9 6 9 3
NL 296
ROOT: 6 1 3 2
LN0: 8 6 2 5
LN1: 5 6 1 9
LN2: 2 6 0 3
LN3: 9 6 9 7
LN4: 6 6 8 1
NL 297
ROOT: 5 0 4 1
LN0: 7 5 3 4
LN1: 4 5 2 8
LN2: 1 5 1 2
LN3: 8 5 0 6
LN4: 5 5 9 0
NL 298
ROOT: 7 9 4 6
LN0: 9 4 3 9
LN1: 6 4 2 3
LN2: 3 4 1 7
LN3: 0 4 0 1
LN4: 7 4 9 5
NL 299
ROOT: 6 1 3 8
LN0: 8 6 2 1
LN1: 5 6 1 5
LN2: 2 6 0 9
LN3: 9 6 9 3
LN4: 6 6 8 7
NL 300
ROOT: 5 0 4 1
LN0: 7 5 3 4
LN1: 4 5 2 8
LN2: 1 5 1 2
LN3: 8 5 0 6
LN4: 5 5 9 0
NL 301
ROOT: 7 9 2 2
LN0: 9 4 1 5
LN1: 6 4 0 9
LN2: 3 4 9 3
LN3: 0 4 8 7
LN4: 7 4 7 1
NL 302
ROOT: 7 9 4 2
LN0: 9 4 3 5
LN1: 6 4 2 9
LN2: 3 4 1 3
LN3: 0 4 0 7
LN4: 7 4 9 1
NL 303
ROOT: 6 1 5 8
LN0: 8 6 4 1
LN1: 5 6 3 5
LN2: 2 6 2 9
LN3: 9 6 1 3
LN4: 6 6 0 7
NL 304
ROOT: 6 1 3 2
LN0: 8 6 2 5
LN1: 5 6 1 9
LN2: 2 6 0 3
LN3: 9 6 9 7
LN4: 6 6 8 1
NL 305
ROOT: 7 9 4 2
LN0: 9 4 3 5
LN1: 6 4 2 9
LN2: 3 4 1 3
LN3: 0 4 0 7
LN4: 7 4 9 1
NL 306
ROOT: 7 9 2 2
LN0: 9 4 1 5
LN1: 6 4 0 9
LN2: 3 4 9 3
LN3: 0 4 8 7
LN4: 7 4 7 1
NL 307
ROOT: 9 1 4 8
LN0: 1 6 3 1
LN1: 8 6 2 5
LN2: 5 6 1 9
LN3: 2 6 0 3
LN4: 9 6 9 7
NL 308
ROOT: 9 1 4 8
LN0: 1 6 3 1
LN1: 8 6 2 5
LN2: 5 6 1 9
LN3: 2 6 0 3
LN4: 9 6 9 7
NL 309
ROOT: 7 9 2 2
LN0: 9 4 1 5
LN1: 6 4 0 9
LN2: 3 4 9 3
LN3: 0 4 8 7
LN4: 7 4 7 1
NL 310
ROOT: 7 9 2 2
LN0: 9 4 1 5
LN1: 6 4 0 9
LN2: 3 4 9 3
LN3: 0 4 8 7
LN4: 7 4 7 1
NL 311
ROOT: 1 9 4 4
LN0: 3 4 3 7
LN1: 0 4 2 1
LN2: 7 4 1 5
LN3: 4 4 0 9
LN4: 1 4 9 3
NL 312
ROOT: 9 1 4 4
LN0: 1 6 3 7
LN1: 8 6 2 1
LN2: 5 6 1 5
LN3: 2 6 0 9
LN4: 9 6 9 3
NL 313
ROOT: 5 0 4 1
LN0: 7 5 3 4
LN1: 4 5 2 8
LN2: 1 5 1 2
LN3: 8 5 0 6
LN4: 5 5 9 0
NL 314
ROOT: 7 9 2 2
LN0: 9 4 1 5
LN1: 6 4 0 9
LN2: 3 4 9 3
LN3: 0 4 8 7
LN4: 7 4 7 1
NL 315
ROOT: 6 1 3 2
LN0: 8 6 2 5
LN1: 5 6 1 9
LN2: 2 6 0 3
LN3: 9 6 9 7
LN4: 6 6 8 1
NL 316
ROOT: 1 9 4 4
LN0: 3 4 3 7
LN1: 0 4 2 1
LN2: 7 4 1 5
LN3: 4 4 0 9
LN4: 1 4 9 3
NL 317
ROOT: 6 1 3 2
LN0: 8 6 2 5
LN1: 5 6 1 9
LN2: 2 6 0 3
LN3: 9 6 9 7
LN4: 6 6 8 1
NL 318
ROOT: 7 9 4 2
LN0: 9 4 3 5
LN1: 6 4 2 9
LN2: 3 4 1 3
LN3: 0 4 0 7
LN4: 7 4 9 1
NL 319
ROOT: 5 0 4 1
LN0: 7 5 3 4
LN1: 4 5 2 8
LN2: 1 5 1 2
LN3: 8 5 0 6
LN4: 5 5 9 0
NL 320
ROOT: 1 9 4 4
LN0: 3 4 3 7
LN1: 0 4 2 1
LN2: 7 4 1 5
LN3: 4 4 0 9
LN4: 1 4 9 3
NL 321
ROOT: 5 0 4 1
LN0: 7 5 3 4
LN1: 4 5 2 8
LN2: 1 5 1 2
LN3: 8 5 0 6
LN4: 5 5 9 0
NL 322
ROOT: 9 1 4 8
LN0: 1 6 3 1
LN1: 8 6 2 5
LN2: 5 6 1 9
LN3: 2 6 0 3
LN4: 9 6 9 7
NL 323
ROOT: 9 1 4 4
LN0: 1 6 3 7
LN1: 8 6 2 1
LN2: 5 6 1 5
LN3: 2 6 0 9
LN4: 9 6 9 3
NL 324
ROOT: 9 1 4 8
LN0: 1 6 3 1
LN1: 8 6 2 5
LN2: 5 6 1 9
LN3: 2 6 0 3
LN4: 9 6 9 7
NL 325
ROOT: 6 1 3 2
LN0: 8 6 2 5
LN1: 5 6 1 9
LN2: 2 6 0 3
LN3: 9 6 9 7
LN4: 6 6 8 1
NL 326
ROOT: 7 9 2 2
LN0: 9 4 1 5
LN1: 6 4 0 9
LN2: 3 4 9 3
LN3: 0 4 8 7
LN4: 7 4 7 1
NL 327
ROOT: 7 9 2 2
LN0: 9 4 1 5
LN1: 6 4 0 9
LN2: 3 4 9 3
LN3: 0 4 8 7
LN4: 7 4 7 1
NL 328
ROOT: 1 9 4 4
LN0: 3 4 3 7
LN1: 0 4 2 1
LN2: 7 4 1 5
LN3: 4 4 0 9
LN4: 1 4 9 3
NL 329
ROOT: 1 9 4 4
LN0: 3 4 3 7
LN1: 0 4 2 1
LN2: 7 4 1 5
LN3: 4 4 0 9
LN4: 1 4 9 3
NL 330
ROOT: 5 0 4 1
LN0: 7 5 3 4
LN1: 4 5 2 8
LN2: 1 5 1 2
LN3: 8 5 0 6
LN4: 5 5 9 0
NL 331
ROOT: 6 1 3 2
LN0: 8 6 2 5
LN1: 5 6 1 9
LN2: 2 6 0 3
LN3: 9 6 9 7
LN4: 6 6 8 1
NL 332
ROOT: 1 9 4 4
LN0: 3 4 3 7
LN1: 0 4 2 1
LN2: 7 4 1 5
LN3: 4 4 0 9
LN4: 1 4 9 3
NL 333
ROOT: 7 9 4 2
LN0: 9 4 3 5
LN1: 6 4 2 9
LN2: 3 4 1 3
LN3: 0 4 0 7
LN4: 7 4 9 1
NL 334
ROOT: 9 1 4 8
LN0: 1 6 3 1
LN1: 8 6 2 5
LN2: 5 6 1 9
LN3: 2 6 0 3
LN4: 9 6 9 7
NL 335
ROOT: 6 1 5 8
LN0: 8 6 4 1
LN1: 5 6 3 5
LN2: 2 6 2 9
LN3: 9 6 1 3
LN4: 6 6 0 7
NL 336
ROOT: 7 9 2 2
LN0: 9 4 1 5
LN1: 6 4 0 9
LN2: 3 4 9 3
LN3: 0 4 8 7
LN4: 7 4 7 1
NL 337
ROOT: 3 1 4 2
LN0: 5 6 3 5
LN1: 2 6 2 9
LN2: 9 6 1 3
LN3: 6 6 0 7
LN4: 3 6 9 1
NL 338
ROOT: 6 1 5 8
LN0: 8 6 4 1
LN1: 5 6 3 5
LN2: 2 6 2 9
LN3: 9 6 1 3
LN4: 6 6 0 7
NL 339
ROOT: 9 1 4 8
LN0: 1 6 3 1
LN1: 8 6 2 5
LN2: 5 6 1 9
LN3: 2 6 0 3
LN4: 9 6 9 7
NL 340
ROOT: 5 0 4 1
LN0: 7 5 3 4
LN1: 4 5 2 8
LN2: 1 5 1 2
LN3: 8 5 0 6
LN4: 5 5 9 0
NL 341
ROOT: 9 1 4 4
LN0: 1 6 3 7
LN1: 8 6 2 1
LN2: 5 6 1 5
LN3: 2 6 0 9
LN4: 9 6 9 3
NL 342
ROOT: 6 1 3 2
LN0: 8 6 2 5
LN1: 5 6 1 9
LN2: 2 6 0 3
LN3: 9 6 9 7
LN4: 6 6 8 1
NL 343
ROOT: 3 1 4 2
LN0: 5 6 3 5
LN1: 2 6 2 9
LN2: 9 6 1 3
LN3: 6 6 0 7
LN4: 3 6 9 1
NL 344
ROOT: 9 1 4 8
LN0: 1 6 3 1
LN1: 8 6 2 5
LN2: 5 6 1 9
LN3: 2 6 0 3
LN4: 9 6 9 7
NL 345
ROOT: 7 9 4 6
LN0: 9 4 3 9
LN1: 6 4 2 3
LN2: 3 4 1 7
LN3: 0 4 0 1
LN4: 7 4 9 5
NL 346
ROOT: 1 9 4 4
LN0: 3 4 3 7
LN1: 0 4 2 1
LN2: 7 4 1 5
LN3: 4 4 0 9
LN4: 1 4 9 3
NL 347
ROOT: 6 1 3 2
LN0: 8 6 2 5
LN1: 5 6 1 9
LN2: 2 6 0 3
LN3: 9 6 9 7
LN4: 6 6 8 1
NL 348
ROOT: 7 9 4 2
LN0: 9 4 3 5
LN1: 6 4 2 9
LN2: 3 4 1 3
LN3: 0 4 0 7
LN4: 7 4 9 1
NL 349
ROOT: 9 1 4 4
LN0: 1 6 3 7
LN1: 8 6 2 1
LN2: 5 6 1 5
LN3: 2 6 0 9
LN4: 9 6 9 3
NL 350
ROOT: 5 0 4 1
LN0: 7 5 3 4
LN1: 4 5 2 8
LN2: 1 5 1 2
LN3: 8 5 0 6
LN4: 5 5 9 0
NL 351
ROOT: 9 1 4 8
LN0: 1 6 3 1
LN1: 8 6 2 5
LN2: 5 6 1 9
LN3: 2 6 0 3
LN4: 9 6 9 7
NL 352
ROOT: 9 1 4 4
LN0: 1 6 3 7
LN1: 8 6 2 1
LN2: 5 6 1 5
LN3: 2 6 0 9
LN4: 9 6 9 3
NL 353
ROOT: 3 1 4 2
LN0: 5 6 3 5
LN1: 2 6 2 9
LN2: 9 6 1 3
LN3: 6 6 0 7
LN4: 3 6 9 1
NL 354
ROOT: 7 9 4 6
LN0: 9 4 3 9
LN1: 6 4 2 3
LN2: 3 4 1 7
LN3: 0 4 0 1
LN4: 7 4 9 5
NL 355
ROOT: 7 9 2 2
LN0: 9 4 1 5
LN1: 6 4 0 9
LN2: 3 4 9 3
LN3: 0 4 8 7
LN4: 7 4 7 1
NL 356
ROOT: 9 1 4 8
LN0: 1 6 3 1
LN1: 8 6 2 5
LN2: 5 6 1 9
LN3: 2 6 0 3
LN4: 9 6 9 7
NL 357
ROOT: 6 1 5 8
LN0: 8 6 4 1
LN1: 5 6 3 5
LN2: 2 6 2 9
LN3: 9 6 1 3
LN4: 6 6 0 7
NL 358
ROOT: 5 0 4 1
LN0: 7 5 3 4
LN1: 4 5 2 8
LN2: 1 5 1 2
LN3: 8 5 0 6
LN4: 5 5 9 0
NL 359
ROOT: 6 1 3 2
LN0: 8 6 2 5
LN1: 5 6 1 9
LN2: 2 6 0 3
LN3: 9 6 9 7
LN4: 6 6 8 1
NL 360
ROOT: 7 9 4 6
LN0: 9 4 3 9
LN1: 6 4 2 3
LN2: 3 4 1 7
LN3: 0 4 0 1
LN4: 7 4 9 5
NL 361
ROOT: 6 1 3 2
LN0: 8 6 2 5
LN1: 5 6 1 9
LN2: 2 6 0 3
LN3: 9 6 9 7
LN4: 6 6 8 1
NL 362
ROOT: 6 1 5 8
LN0: 8 6 4 1
LN1: 5 6 3 5
LN2: 2 6 2 9
LN3: 9 6 1 3
LN4: 6 6 0 7
NL 363
ROOT: 7 9 2 2
LN0: 9 4 1 5
LN1: 6 4 0 9
LN2: 3 4 9 3
LN3: 0 4 8 7
LN4: 7 4 7 1
NL 364
ROOT: 6 1 5 8
LN0: 8 6 4 1
LN1: 5 6 3 5
LN2: 2 6 2 9
LN3: 9 6 1 3
LN4: 6 6 0 7
NL 365
ROOT: 6 1 3 2
LN0: 8 6 2 5
LN1: 5 6 1 9
LN2: 2 6 0 3
LN3: 9 6 9 7
LN4: 6 6 8 1
NL 366
ROOT: 9 1 4 8
LN0: 1 6 3 1
LN1: 8 6 2 5
LN2: 5 6 1 9
LN3: 2 6 0 3
LN4: 9 6 9 7
NL 367
ROOT: 7 9 4 6
LN0: 9 4 3 9
LN1: 6 4 2 3
LN2: 3 4 1 7
LN3: 0 4 0 1
LN4: 7 4 9 5
NL 368
ROOT: 6 1 5 8
LN0: 8 6 4 1
LN1: 5 6 3 5
LN2: 2 6 2 9
LN3: 9 6 1 3
LN4: 6 6 0 7
NL 369
ROOT: 9 1 4 4
LN0: 1 6 3 7
LN1: 8 6 2 1
LN2: 5 6 1 5
LN3: 2 6 0 9
LN4: 9 6 9 3
NL 370
ROOT: 5 0 4 1
LN0: 7 5 3 4
LN1: 4 5 2 8
LN2: 1 5 1 2
LN3: 8 5 0 6
LN4: 5 5 9 0
NL 371
ROOT: 7 9 4 2
LN0: 9 4 3 5
LN1: 6 4 2 9
LN2: 3 4 1 3
LN3: 0 4 0 7
LN4: 7 4 9 1
NL 372
ROOT: 3 1 4 2
LN0: 5 6 3 5
LN1: 2 6 2 9
LN2: 9 6 1 3
LN3: 6 6 0 7
LN4: 3 6 9 1
NL 373
ROOT: 7 9 2 2
LN0: 9 4 1 5
LN1: 6 4 0 9
LN2: 3 4 9 3
LN3: 0 4 8 7
LN4: 7 4 7 1
NL 374
ROOT: 6 1 3 2
LN0: 8 6 2 5
LN1: 5 6 1 9
LN2: 2 6 0 3
LN3: 9 6 9 7
LN4: 6 6 8 1
NL 375
ROOT: 6 1 3 8
LN0: 8 6 2 1
LN1: 5 6 1 5
LN2: 2 6 0 9
LN3: 9 6 9 3
LN4: 6 6 8 7
NL 376
ROOT: 5 0 4 1
LN0: 7 5 3 4
LN1: 4 5 2 8
LN2: 1 5 1 2
LN3: 8 5 0 6
LN4: 5 5 9 0
NL 377
ROOT: 7 9 2 2
LN0: 9 4 1 5
LN1: 6 4 0 9
LN2: 3 4 9 3
LN3: 0 4 8 7
LN4: 7 4 7 1
NL 378
ROOT: 3 1 4 2
LN0: 5 6 3 5
LN1: 2 6 2 9
LN2: 9 6 1 3
LN3: 6 6 0 7
LN4: 3 6 9 1
NL 379
ROOT: 6 1 5 8
LN0: 8 6 4 1
LN1: 5 6 3 5
LN2: 2 6 2 9
LN3: 9 6 1 3
LN4: 6 6 0 7
NL 380
ROOT: 6 1 5 8
LN0: 8 6 4 1
LN1: 5 6 3 5
LN2: 2 6 2 9
LN3: 9 6 1 3
LN4: 6 6 0 7
NL 381
ROOT: 7 9 4 2
LN0: 9 4 3 5
LN1: 6 4 2 9
LN2: 3 4 1 3
LN3: 0 4 0 7
LN4: 7 4 9 1
NL 382
ROOT: 6 1 3 8
LN0: 8 6 2 1
LN1: 5 6 1 5
LN2: 2 6 0 9
LN3: 9 6 9 3
LN4: 6 6 8 7
NL 383
ROOT: 3 1 4 2
LN0: 5 6 3 5
LN1: 2 6 2 9
LN2: 9 6 1 3
LN3: 6 6 0 7
LN4: 3 6 9 1
NL 384
ROOT: 3 1 4 2
LN0: 5 6 3 5
LN1: 2 6 2 9
LN2: 9 6 1 3
LN3: 6 6 0 7
LN4: 3 6 9 1
NL 385
ROOT: 7 9 4 6
LN0: 9 4 3 9
LN1: 6 4 2 3
LN2: 3 4 1 7
LN3: 0 4 0 1
LN4: 7 4 9 5
NL 386
ROOT: 9 1 4 8
LN0: 1 6 3 1
LN1: 8 6 2 5
LN2: 5 6 1 9
LN3: 2 6 0 3
LN4: 9 6 9 7
NL 387
ROOT: 5 0 4 1
LN0: 7 5 3 4
LN1: 4 5 2 8
LN2: 1 5 1 2
LN3: 8 5 0 6
LN4: 5 5 9 0
NL 388
ROOT: 6 1 3 8
LN0: 8 6 2 1
LN1: 5 6 1 5
LN2: 2 6 0 9
LN3: 9 6 9 3
LN4: 6 6 8 7
NL 389
ROOT: 7 9 4 2
LN0: 9 4 3 5
LN1: 6 4 2 9
LN2: 3 4 1 3
LN3: 0 4 0 7
LN4: 7 4 9 1
NL 390
ROOT: 6 1 3 8
LN0: 8 6 2 1
LN1: 5 6 1 5
LN2: 2 6 0 9
LN3: 9 6 9 3
LN4: 6 6 8 7
NL 391
ROOT: 5 0 4 1
LN0: 7 5 3 4
LN1: 4 5 2 8
LN2: 1 5 1 2
LN3: 8 5 0 6
LN4: 5 5 9 0
NL 392
ROOT: 9 1 4 8
LN0: 1 6 3 1
LN1: 8 6 2 5
LN2: 5 6 1 9
LN3: 2 6 0 3
LN4: 9 6 9 7
NL 393
ROOT: 7 9 2 2
LN0: 9 4 1 5
LN1: 6 4 0 9
LN2: 3 4 9 3
LN3: 0 4 8 7
LN4: 7 4 7 1
NL 394
ROOT: 3 1 4 2
LN0: 5 6 3 5
LN1: 2 6 2 9
LN2: 9 6 1 3
LN3: 6 6 0 7
LN4: 3 6 9 1
NL 395
ROOT: 5 0 4 1
LN0: 7 5 3 4
LN1: 4 5 2 8
LN2: 1 5 1 2
LN3: 8 5 0 6
LN4: 5 5 9 0
NL 396
ROOT: 5 0 4 1
LN0: 7 5 3 4
LN1: 4 5 2 8
LN2: 1 5 1 2
LN3: 8 5 0 6
LN4: 5 5 9 0
NL 397
ROOT: 6 1 5 8
LN0: 8 6 4 1
LN1: 5 6 3 5
LN2: 2 6 2 9
LN3: 9 6 1 3
LN4: 6 6 0 7
NL 398
ROOT: 7 9 2 2
LN0: 9 4 1 5
LN1: 6 4 0 9
LN2: 3 4 9 3
LN3: 0 4 8 7
LN4: 7 4 7 1
NL 399
ROOT: 6 1 5 8
LN0: 8 6 4 1
LN1: 5 6 3 5
LN2: 2 6 2 9
LN3: 9 6 1 3
LN4: 6 6 0 7
NL 400
ROOT: 7 9 2 2
LN0: 9 4 1 5
LN1: 6 4 0 9
LN2: 3 4 9 3
LN3: 0 4 8 7
LN4: 7 4 7 1
NL 401
ROOT: 9 1 4 8
LN0: 1 6 3 1
LN1: 8 6 2 5
LN2: 5 6 1 9
LN3: 2 6 0 3
LN4: 9 6 9 7
NL 402
ROOT: 7 9 4 2
LN0: 9 4 3 5
LN1: 6 4 2 9
LN2: 3 4 1 3
LN3: 0 4 0 7
LN4: 7 4 9 1
NL 403
ROOT: 5 0 4 1
LN0: 7 5 3 4
LN1: 4 5 2 8
LN2: 1 5 1 2
LN3: 8 5 0 6
LN4: 5 5 9 0
NL 404
ROOT: 6 1 3 2
LN0: 8 6 2 5
LN1: 5 6 1 9
LN2: 2 6 0 3
LN3: 9 6 9 7
LN4: 6 6 8 1
NL 405
ROOT: 5 0 4 1
LN0: 7 5 3 4
LN1: 4 5 2 8
LN2: 1 5 1 2
LN3: 8 5 0 6
LN4: 5 5 9 0
NL 406
ROOT: 6 1 3 8
LN0: 8 6 2 1
LN1: 5 6 1 5
LN2: 2 6 0 9
LN3: 9 6 9 3
LN4: 6 6 8 7
NL 407
ROOT: 7 9 2 2
LN0: 9 4 1 5
LN1: 6 4 0 9
LN2: 3 4 9 3
LN3: 0 4 8 7
LN4: 7 4 7 1
NL 408
ROOT: 7 9 4 2
LN0: 9 4 3 5
LN1: 6 4 2 9
LN2: 3 4 1 3
LN3: 0 4 0 7
LN4: 7 4 9 1
NL 409
ROOT: 9 1 4 8
LN0: 1 6 3 1
LN1: 8 6 2 5
LN2: 5 6 1 9
LN3: 2 6 0 3
LN4: 9 6 9 7
NL 410
ROOT: 7 9 2 2
LN0: 9 4 1 5
LN1: 6 4 0 9
LN2: 3 4 9 3
LN3: 0 4 8 7
LN4: 7 4 7 1
NL 411
ROOT: 3 1 4 2
LN0: 5 6 3 5
LN1: 2 6 2 9
LN2: 9 6 1 3
LN3: 6 6 0 7
LN4: 3 6 9 1
NL 412
ROOT: 6 1 3 8
LN0: 8 6 2 1
LN1: 5 6 1 5
LN2: 2 6 0 9
LN3: 9 6 9 3
LN4: 6 6 8 7
NL 413
ROOT: 6 1 5 8
LN0: 8 6 4 1
LN1: 5 6 3 5
LN2: 2 6 2 9
LN3: 9 6 1 3
LN4: 6 6 0 7
NL 414
ROOT: 1 9 4 4
LN0: 3 4 3 7
LN1: 0 4 2 1
LN2: 7 4 1 5
LN3: 4 4 0 9
LN4: 1 4 9 3
NL 415
ROOT: 6 1 5 8
LN0: 8 6 4 1
LN1: 5 6 3 5
LN2: 2 6 2 9
LN3: 9 6 1 3
LN4: 6 6 0 7
NL 416
ROOT: 3 1 4 2
LN0: 5 6 3 5
LN1: 2 6 2 9
LN2: 9 6 1 3
LN3: 6 6 0 7
LN4: 3 6 9 1
NL 417
ROOT: 7 9 2 2
LN0: 9 4 1 5
LN1: 6 4 0 9
LN2: 3 4 9 3
LN3: 0 4 8 7
LN4: 7 4 7 1
NL 418
ROOT: 9 1 4 4
LN0: 1 6 3 7
LN1: 8 6 2 1
LN2: 5 6 1 5
LN3: 2 6 0 9
LN4: 9 6 9 3
NL 419
ROOT: 9 1 4 4
LN0: 1 6 3 7
LN1: 8 6 2 1
LN2: 5 6 1 5
LN3: 2 6 0 9
LN4: 9 6 9 3
NL 420
ROOT: 7 9 2 2
LN0: 9 4 1 5
LN1: 6 4 0 9
LN2: 3 4 9 3
LN3: 0 4 8 7
LN4: 7 4 7 1
NL 421
ROOT: 7 9 4 6
LN0: 9 4 3 9
LN1: 6 4 2 3
LN2: 3 4 1 7
LN3: 0 4 0 1
LN4: 7 4 9 5
NL 422
ROOT: 9 1 4 4
LN0: 1 6 3 7
LN1: 8 6 2 1
LN2: 5 6 1 5
LN3: 2 6 0 9
LN4: 9 6 9 3
NL 423
ROOT: 6 1 3 8
LN0: 8 6 2 1
LN1: 5 6 1 5
LN2: 2 6 0 9
LN3: 9 6 9 3
LN4: 6 6 8 7
NL 424
ROOT: 7 9 2 2
LN0: 9 4 1 5
LN1: 6 4 0 9
LN2: 3 4 9 3
LN3: 0 4 8 7
LN4: 7 4 7 1
NL 425
ROOT: 6 1 5 8
LN0: 8 6 4 1
LN1: 5 6 3 5
LN2: 2 6 2 9
LN3: 9 6 1 3
LN4: 6 6 0 7
NL 426
ROOT: 7 9 4 6
LN0: 9 4 3 9
LN1: 6 4 2 3
LN2: 3 4 1 7
LN3: 0 4 0 1
LN4: 7 4 9 5
NL 427
ROOT: 5 0 4 1
LN0: 7 5 3 4
LN1: 4 5 2 8
LN2: 1 5 1 2
LN3: 8 5 0 6
LN4: 5 5 9 0
NL 428
ROOT: 7 9 4 2
LN0: 9 4 3 5
LN1: 6 4 2 9
LN2: 3 4 1 3
LN3: 0 4 0 7
LN4: 7 4 9 1
NL 429
ROOT: 6 1 5 8
LN0: 8 6 4 1
LN1: 5 6 3 5
LN2: 2 6 2 9
LN3: 9 6 1 3
LN4: 6 6 0 7
NL 430
ROOT: 7 9 4 2
LN0: 9 4 3 5
LN1: 6 4 2 9
LN2: 3 4 1 3
LN3: 0 4 0 7
LN4: 7 4 9 1
NL 431
ROOT: 3 1 4 2
LN0: 5 6 3 5
LN1: 2 6 2 9
LN2: 9 6 1 3
LN3: 6 6 0 7
LN4: 3 6 9 1
NL 432
ROOT: 9 1 4 8
LN0: 1 6 3 1
LN1: 8 6 2 5
LN2: 5 6 1 9
LN3: 2 6 0 3
LN4: 9 6 9 7
NL 433
ROOT: 9 1 4 8
LN0: 1 6 3 1
LN1: 8 6 2 5
LN2: 5 6 1 9
LN3: 2 6 0 3
LN4: 9 6 9 7
NL 434
ROOT: 7 9 2 2
LN0: 9 4 1 5
LN1: 6 4 0 9
LN2: 3 4 9 3
LN3: 0 4 8 7
LN4: 7 4 7 1
NL 435
ROOT: 5 0 4 1
LN0: 7 5 3 4
LN1: 4 5 2 8
LN2: 1 5 1 2
LN3: 8 5 0 6
LN4: 5 5 9 0
NL 436
ROOT: 9 1 4 4
LN0: 1 6 3 7
LN1: 8 6 2 1
LN2: 5 6 1 5
LN3: 2 6 0 9
LN4: 9 6 9 3
NL 437
ROOT: 6 1 3 8
LN0: 8 6 2 1
LN1: 5 6 1 5
LN2: 2 6 0 9
LN3: 9 6 9 3
LN4: 6 6 8 7
NL 438
ROOT: 6 1 5 8
LN0: 8 6 4 1
LN1: 5 6 3 5
LN2: 2 6 2 9
LN3: 9 6 1 3
LN4: 6 6 0 7
NL 439
ROOT: 7 9 4 6
LN0: 9 4 3 9
LN1: 6 4 2 3
LN2: 3 4 1 7
LN3: 0 4 0 1
LN4: 7 4 9 5
NL 440
ROOT: 6 1 3 2
LN0: 8 6 2 5
LN1: 5 6 1 9
LN2: 2 6 0 3
LN3: 9 6 9 7
LN4: 6 6 8 1
NL 441
ROOT: 1 9 4 4
LN0: 3 4 3 7
LN1: 0 4 2 1
LN2: 7 4 1 5
LN3: 4 4 0 9
LN4: 1 4 9 3
NL 442
ROOT: 7 9 4 2
LN0: 9 4 3 5
LN1: 6 4 2 9
LN2: 3 4 1 3
LN3: 0 4 0 7
LN4: 7 4 9 1
NL 443
ROOT: 3 1 4 2
LN0: 5 6 3 5
LN1: 2 6 2 9
LN2: 9 6 1 3
LN3: 6 6 0 7
LN4: 3 6 9 1
NL 444
ROOT: 3 1 4 2
LN0: 5 6 3 5
LN1: 2 6 2 9
LN2: 9 6 1 3
LN3: 6 6 0 7
LN4: 3 6 9 1
NL 445
ROOT: 1 9 4 4
LN0: 3 4 3 7
LN1: 0 4 2 1
LN2: 7 4 1 5
LN3: 4 4 0 9
LN4: 1 4 9 3
NL 446
ROOT: 7 9 4 6
LN0: 9 4 3 9
LN1: 6 4 2 3
LN2: 3 4 1 7
LN3: 0 4 0 1
LN4: 7 4 9 5
NL 447
ROOT: 7 9 4 2
LN0: 9 4 3 5
LN1: 6 4 2 9
LN2: 3 4 1 3
LN3: 0 4 0 7
LN4: 7 4 9 1
NL 448
ROOT: 1 9 4 4
LN0: 3 4 3 7
LN1: 0 4 2 1
LN2: 7 4 1 5
LN3: 4 4 0 9
LN4: 1 4 9 3
NL 449
ROOT: 5 0 4 1
LN0: 7 5 3 4
LN1: 4 5 2 8
LN2: 1 5 1 2
LN3: 8 5 0 6
LN4: 5 5 9 0
NL 450
ROOT: 9 1 4 8
LN0: 1 6 3 1
LN1: 8 6 2 5
LN2: 5 6 1 9
LN3: 2 6 0 3
LN4: 9 6 9 7
NL 451
ROOT: 5 0 4 1
LN0: 7 5 3 4
LN1: 4 5 2 8
LN2: 1 5 1 2
LN3: 8 5 0 6
LN4: 5 5 9 0
NL 452
ROOT: 7 9 4 2
LN0: 9 4 3 5
LN1: 6 4 2 9
LN2: 3 4 1 3
LN3: 0 4 0 7
LN4: 7 4 9 1
NL 453
ROOT: 5 0 4 1
LN0: 7 5 3 4
LN1: 4 5 2 8
LN2: 1 5 1 2
LN3: 8 5 0 6
LN4: 5 5 9 0
NL 454
ROOT: 7 9 4 2
LN0: 9 4 3 5
LN1: 6 4 2 9
LN2: 3 4 1 3
LN3: 0 4 0 7
LN4: 7 4 9 1
NL 455
ROOT: 1 9 4 4
LN0: 3 4 3 7
LN1: 0 4 2 1
LN2: 7 4 1 5
LN3: 4 4 0 9
LN4: 1 4 9 3
NL 456
ROOT: 7 9 2 2
LN0: 9 4 1 5
LN1: 6 4 0 9
LN2: 3 4 9 3
LN3: 0 4 8 7
LN4: 7 4 7 1
NL 457
ROOT: 1 9 4 4
LN0: 3 4 3 7
LN1: 0 4 2 1
LN2: 7 4 1 5
LN3: 4 4 0 9
LN4: 1 4 9 3
NL 458
ROOT: 1 9 4 4
LN0: 3 4 3 7
LN1: 0 4 2 1
LN2: 7 4 1 5
LN3: 4 4 0 9
LN4: 1 4 9 3
NL 459
ROOT: 6 1 5 8
LN0: 8 6 4 1
LN1: 5 6 3 5
LN2: 2 6 2 9
LN3: 9 6 1 3
LN4: 6 6 0 7
NL 460
ROOT: 5 0 4 1
LN0: 7 5 3 4
LN1: 4 5 2 8
LN2: 1 5 1 2
LN3: 8 5 0 6
LN4: 5 5 9 0
NL 461
ROOT: 9 1 4 8
LN0: 1 6 3 1
LN1: 8 6 2 5
LN2: 5 6 1 9
LN3: 2 6 0 3
LN4: 9 6 9 7
NL 462
ROOT: 6 1 3 2
LN0: 8 6 2 5
LN1: 5 6 1 9
LN2: 2 6 0 3
LN3: 9 6 9 7
LN4: 6 6 8 1
NL 463
ROOT: 5 0 4 1
LN0: 7 5 3 4
LN1: 4 5 2 8
LN2: 1 5 1 2
LN3: 8 5 0 6
LN4: 5 5 9 0
NL 464
ROOT: 6 1 5 8
LN0: 8 6 4 1
LN1: 5 6 3 5
LN2: 2 6 2 9
LN3: 9 6 1 3
LN4: 6 6 0 7
NL 465
ROOT: 3 1 4 2
LN0: 5 6 3 5
LN1: 2 6 2 9
LN2: 9 6 1 3
LN3: 6 6 0 7
LN4: 3 6 9 1
NL 466
ROOT: 6 1 5 8
LN0: 8 6 4 1
LN1: 5 6 3 5
LN2: 2 6 2 9
LN3: 9 6 1 3
LN4: 6 6 0 7
NL 467
ROOT: 7 9 4 2
LN0: 9 4 3 5
LN1: 6 4 2 9
LN2: 3 4 1 3
LN3: 0 4 0 7
LN4: 7 4 9 1
NL 468
ROOT: 6 1 3 2
LN0: 8 6 2 5
LN1: 5 6 1 9
LN2: 2 6 0 3
LN3: 9 6 9 7
LN4: 6 6 8 1
NL 469
ROOT: 9 1 4 4
LN0: 1 6 3 7
LN1: 8 6 2 1
LN2: 5 6 1 5
LN3: 2 6 0 9
LN4: 9 6 9 3
NL 470
ROOT: 3 1 4 2
LN0: 5 6 3 5
LN1: 2 6 2 9
LN2: 9 6 1 3
LN3: 6 6 0 7
LN4: 3 6 9 1
NL 471
ROOT: 7 9 2 2
LN0: 9 4 1 5
LN1: 6 4 0 9
LN2: 3 4 9 3
LN3: 0 4 8 7
LN4: 7 4 7 1
NL 472
ROOT: 1 9 4 4
LN0: 3 4 3 7
LN1: 0 4 2 1
LN2: 7 4 1 5
LN3: 4 4 0 9
LN4: 1 4 9 3
NL 473
ROOT: 6 1 3 8
LN0: 8 6 2 1
LN1: 5 6 1 5
LN2: 2 6 0 9
LN3: 9 6 9 3
LN4: 6 6 8 7
NL 474
ROOT: 7 9 4 2
LN0: 9 4 3 5
LN1: 6 4 2 9
LN2: 3 4 1 3
LN3: 0 4 0 7
LN4: 7 4 9 1
NL 475
ROOT: 7 9 4 2
LN0: 9 4 3 5
LN1: 6 4 2 9
LN2: 3 4 1 3
LN3: 0 4 0 7
LN4: 7 4 9 1
NL 476
ROOT: 5 0 4 1
LN0: 7 5 3 4
LN1: 4 5 2 8
LN2: 1 5 1 2
LN3: 8 5 0 6
LN4: 5 5 9 0
NL 477
ROOT: 1 9 4 4
LN0: 3 4 3 7
LN1: 0 4 2 1
LN2: 7 4 1 5
LN3: 4 4 0 9
LN4: 1 4 9 3
NL 478
ROOT: 9 1 4 4
LN0: 1 6 3 7
LN1: 8 6 2 1
LN2: 5 6 1 5
LN3: 2 6 0 9
LN4: 9 6 9 3
NL 479
ROOT: 9 1 4 8
LN0: 1 6 3 1
LN1: 8 6 2 5
LN2: 5 6 1 9
LN3: 2 6 0 3
LN4: 9 6 9 7
NL 480
ROOT: 1 9 4 4
LN0: 3 4 3 7
LN1: 0 4 2 1
LN2: 7 4 1 5
LN3: 4 4 0 9
LN4: 1 4 9 3
NL 481
ROOT: 5 0 4 1
LN0: 7 5 3 4
LN1: 4 5 2 8
LN2: 1 5 1 2
LN3: 8 5 0 6
LN4: 5 5 9 0
NL 482
ROOT: 5 0 4 1
LN0: 7 5 3 4
LN1: 4 5 2 8
LN2: 1 5 1 2
LN3: 8 5 0 6
LN4: 5 5 9 0
NL 483
ROOT: 6 1 3 8
LN0: 8 6 2 1
LN1: 5 6 1 5
LN2: 2 6 0 9
LN3: 9 6 9 3
LN4: 6 6 8 7
NL 484
ROOT: 9 1 4 8
LN0: 1 6 3 1
LN1: 8 6 2 5
LN2: 5 6 1 9
LN3: 2 6 0 3
LN4: 9 6 9 7
NL 485
ROOT: 6 1 5 8
LN0: 8 6 4 1
LN1: 5 6 3 5
LN2: 2 6 2 9
LN3: 9 6 1 3
LN4: 6 6 0 7
NL 486
ROOT: 6 1 3 2
LN0: 8 6 2 5
LN1: 5 6 1 9
LN2: 2 6 0 3
LN3: 9 6 9 7
LN4: 6 6 8 1
NL 487
ROOT: 3 1 4 2
LN0: 5 6 3 5
LN1: 2 6 2 9
LN2: 9 6 1 3
LN3: 6 6 0 7
LN4: 3 6 9 1
NL 488
ROOT: 6 1 3 8
LN0: 8 6 2 1
LN1: 5 6 1 5
LN2: 2 6 0 9
LN3: 9 6 9 3
LN4: 6 6 8 7
NL 489
ROOT: 9 1 4 8
LN0: 1 6 3 1
LN1: 8 6 2 5
LN2: 5 6 1 9
LN3: 2 6 0 3
LN4: 9 6 9 7
NL 490
ROOT: 7 9 2 2
LN0: 9 4 1 5
LN1: 6 4 0 9
LN2: 3 4 9 3
LN3: 0 4 8 7
LN4: 7 4 7 1
NL 491
ROOT: 9 1 4 4
LN0: 1 6 3 7
LN1: 8 6 2 1
LN2: 5 6 1 5
LN3: 2 6 0 9
LN4: 9 6 9 3
NL 492
ROOT: 6 1 5 8
LN0: 8 6 4 1
LN1: 5 6 3 5
LN2: 2 6 2 9
LN3: 9 6 1 3
LN4: 6 6 0 7
NL 493
ROOT: 5 0 4 1
LN0: 7 5 3 4
LN1: 4 5 2 8
LN2: 1 5 1 2
LN3: 8 5 0 6
LN4: 5 5 9 0
NL 494
ROOT: 6 1 3 8
LN0: 8 6 2 1
LN1: 5 6 1 5
LN2: 2 6 0 9
LN3: 9 6 9 3
LN4: 6 6 8 7
NL 495
ROOT: 6 1 3 2
LN0: 8 6 2 5
LN1: 5 6 1 9
LN2: 2 6 0 3
LN3: 9 6 9 7
LN4: 6 6 8 1
NL 496
ROOT: 6 1 3 8
LN0: 8 6 2 1
LN1: 5 6 1 5
LN2: 2 6 0 9
LN3: 9 6 9 3
LN4: 6 6 8 7
NL 497
ROOT: 5 0 4 1
LN0: 7 5 3 4
LN1: 4 5 2 8
LN2: 1 5 1 2
LN3: 8 5 0 6
LN4: 5 5 9 0
NL 498
ROOT: 9 1 4 8
LN0: 1 6 3 1
LN1: 8 6 2 5
LN2: 5 6 1 9
LN3: 2 6 0 3
LN4: 9 6 9 7
NL 499
ROOT: 3 1 4 2
LN0: 5 6 3 5
LN1: 2 6 2 9
LN2: 9 6 1 3
LN3: 6 6 0 7
LN4: 3 6 9 1
NL 500
ROOT: 6 1 3 2
LN0: 8 6 2 5
LN1: 5 6 1 9
LN2: 2 6 0 3
LN3: 9 6 9 7
LN4: 6 6 8 1
NL 501
ROOT: 5 0 4 1
LN0: 7 5 3 4
LN1: 4 5 2 8
LN2: 1 5 1 2
LN3: 8 5 0 6
LN4: 5 5 9 0
NL 502
ROOT: 9 1 4 4
LN0: 1 6 3 7
LN1: 8 6 2 1
LN2: 5 6 1 5
LN3: 2 6 0 9
LN4: 9 6 9 3
NL 503
ROOT: 1 9 4 4
LN0: 3 4 3 7
LN1: 0 4 2 1
LN2: 7 4 1 5
LN3: 4 4 0 9
LN4: 1 4 9 3
NL 504
ROOT: 7 9 4 6
LN0: 9 4 3 9
LN1: 6 4 2 3
LN2: 3 4 1 7
LN3: 0 4 0 1
LN4: 7 4 9 5
NL 505
ROOT: 5 0 4 1
LN0: 7 5 3 4
LN1: 4 5 2 8
LN2: 1 5 1 2
LN3: 8 5 0 6
LN4: 5 5 9 0
NL 506
ROOT: 7 9 4 6
LN0: 9 4 3 9
LN1: 6 4 2 3
LN2: 3 4 1 7
LN3: 0 4 0 1
LN4: 7 4 9 5
NL 507
ROOT: 5 0 4 1
LN0: 7 5 3 4
LN1: 4 5 2 8
LN2: 1 5 1 2
LN3: 8 5 0 6
LN4: 5 5 9 0
NL 508
ROOT: 3 1 4 2
LN0: 5 6 3 5
LN1: 2 6 2 9
LN2: 9 6 1 3
LN3: 6 6 0 7
LN4: 3 6 9 1
NL 509
ROOT: 3 1 4 2
LN0: 5 6 3 5
LN1: 2 6 2 9
LN2: 9 6 1 3
LN3: 6 6 0 7
LN4: 3 6 9 1
NL 510
ROOT: 3 1 4 2
LN0: 5 6 3 5
LN1: 2 6 2 9
LN2: 9 6 1 3
LN3: 6 6 0 7
LN4: 3 6 9 1
NL 511
ROOT: 9 1 4 8
LN0: 1 6 3 1
LN1: 8 6 2 5
LN2: 5 6 1 9
LN3: 2 6 0 3
LN4: 9 6 9 7
NL 512
ROOT: 7 9 4 2
LN0: 9 4 3 5
LN1: 6 4 2 9
LN2: 3 4 1 3
LN3: 0 4 0 7
LN4: 7 4 9 1
NL 513
ROOT: 5 0 4 1
LN0: 7 5 3 4
LN1: 4 5 2 8
LN2: 1 5 1 2
LN3: 8 5 0 6
LN4: 5 5 9 0
NL 514
ROOT: 1 9 4 4
LN0: 3 4 3 7
LN1: 0 4 2 1
LN2: 7 4 1 5
LN3: 4 4 0 9
LN4: 1 4 9 3
NL 515
ROOT: 3 1 4 2
LN0: 5 6 3 5
LN1: 2 6 2 9
LN2: 9 6 1 3
LN3: 6 6 0 7
LN4: 3 6 9 1
NL 516
ROOT: 5 0 4 1
LN0: 7 5 3 4
LN1: 4 5 2 8
LN2: 1 5 1 2
LN3: 8 5 0 6
LN4: 5 5 9 0
NL 517
ROOT: 6 1 3 8
LN0: 8 6 2 1
LN1: 5 6 1 5
LN2: 2 6 0 9
LN3: 9 6 9 3
LN4: 6 6 8 7
NL 518
ROOT: 6 1 3 2
LN0: 8 6 2 5
LN1: 5 6 1 9
LN2: 2 6 0 3
LN3: 9 6 9 7
LN4: 6 6 8 1
NL 519
ROOT: 7 9 4 2
LN0: 9 4 3 5
LN1: 6 4 2 9
LN2: 3 4 1 3
LN3: 0 4 0 7
LN4: 7 4 9 1
NL 520
ROOT: 6 1 3 2
LN0: 8 6 2 5
LN1: 5 6 1 9
LN2: 2 6 0 3
LN3: 9 6 9 7
LN4: 6 6 8 1
NL 521
ROOT: 7 9 4 6
LN0: 9 4 3 9
LN1: 6 4 2 3
LN2: 3 4 1 7
LN3: 0 4 0 1
LN4: 7 4 9 5
NL 522
ROOT: 5 0 4 1
LN0: 7 5 3 4
LN1: 4 5 2 8
LN2: 1 5 1 2
LN3: 8 5 0 6
LN4: 5 5 9 0
NL 523
ROOT: 9 1 4 4
LN0: 1 6 3 7
LN1: 8 6 2 1
LN2: 5 6 1 5
LN3: 2 6 0 9
LN4: 9 6 9 3
NL 524
ROOT: 7 9 4 2
LN0: 9 4 3 5
LN1: 6 4 2 9
LN2: 3 4 1 3
LN3: 0 4 0 7
LN4: 7 4 9 1
NL 525
ROOT: 7 9 4 2
LN0: 9 4 3 5
LN1: 6 4 2 9
LN2: 3 4 1 3
LN3: 0 4 0 7
LN4: 7 4 9 1
NL 526
ROOT: 3 1 4 2
LN0: 5 6 3 5
LN1: 2 6 2 9
LN2: 9 6 1 3
LN3: 6 6 0 7
LN4: 3 6 9 1
NL 527
ROOT: 7 9 4 6
LN0: 9 4 3 9
LN1: 6 4 2 3
LN2: 3 4 1 7
LN3: 0 4 0 1
LN4: 7 4 9 5
NL 528
ROOT: 7 9 4 2
LN0: 9 4 3 5
LN1: 6 4 2 9
LN2: 3 4 1 3
LN3: 0 4 0 7
LN4: 7 4 9 1
NL 529
ROOT: 5 0 4 1
LN0: 7 5 3 4
LN1: 4 5 2 8
LN2: 1 5 1 2
LN3: 8 5 0 6
LN4: 5 5 9 0
NL 530
ROOT: 7 9 4 6
LN0: 9 4 3 9
LN1: 6 4 2 3
LN2: 3 4 1 7
LN3: 0 4 0 1
LN4: 7 4 9 5
NL 531
ROOT: 7 9 2 2
LN0: 9 4 1 5
LN1: 6 4 0 9
LN2: 3 4 9 3
LN3: 0 4 8 7
LN4: 7 4 7 1
NL 532
ROOT: 7 9 2 2
LN0: 9 4 1 5
LN1: 6 4 0 9
LN2: 3 4 9 3
LN3: 0 4 8 7
LN4: 7 4 7 1
NL 533
ROOT: 6 1 3 8
LN0: 8 6 2 1
LN1: 5 6 1 5
LN2: 2 6 0 9
LN3: 9 6 9 3
LN4: 6 6 8 7
NL 534
ROOT: 7 9 4 6
LN0: 9 4 3 9
LN1: 6 4 2 3
LN2: 3 4 1 7
LN3: 0 4 0 1
LN4: 7 4 9 5
NL 535
ROOT: 7 9 4 6
LN0: 9 4 3 9
LN1: 6 4 2 3
LN2: 3 4 1 7
LN3: 0 4 0 1
LN4: 7 4 9 5
NL 536
ROOT: 3 1 4 2
LN0: 5 6 3 5
LN1: 2 6 2 9
LN2: 9 6 1 3
LN3: 6 6 0 7
LN4: 3 6 9 1
NL 537
ROOT: 6 1 3 2
LN0: 8 6 2 5
LN1: 5 6 1 9
LN2: 2 6 0 3
LN3: 9 6 9 7
LN4: 6 6 8 1
NL 538
ROOT: 7 9 4 6
LN0: 9 4 3 9
LN1: 6 4 2 3
LN2: 3 4 1 7
LN3: 0 4 0 1
LN4: 7 4 9 5
NL 539
ROOT: 7 9 4 6
LN0: 9 4 3 9
LN1: 6 4 2 3
LN2: 3 4 1 7
LN3: 0 4 0 1
LN4: 7 4 9 5
NL 540
ROOT: 1 9 4 4
LN0: 3 4 3 7
LN1: 0 4 2 1
LN2: 7 4 1 5
LN3: 4 4 0 9
LN4: 1 4 9 3
NL 541
ROOT: 7 9 4 6
LN0: 9 4 3 9
LN1: 6 4 2 3
LN2: 3 4 1 7
LN3: 0 4 0 1
LN4: 7 4 9 5
NL 542
ROOT: 6 1 3 8
LN0: 8 6 2 1
LN1: 5 6 1 5
LN2: 2 6 0 9
LN3: 9 6 9 3
LN4: 6 6 8 7
NL 543
ROOT: 5 0 4 1
LN0: 7 5 3 4
LN1: 4 5 2 8
LN2: 1 5 1 2
LN3: 8 5 0 6
LN4: 5 5 9 0
NL 544
ROOT: 7 9 4 6
LN0: 9 4 3 9
LN1: 6 4 2 3
LN2: 3 4 1 7
LN3: 0 4 0 1
LN4: 7 4 9 5
NL 545
ROOT: 5 0 4 1
LN0: 7 5 3 4
LN1: 4 5 2 8
LN2: 1 5 1 2
LN3: 8 5 0 6
LN4: 5 5 9 0
NL 546
ROOT: 3 1 4 2
LN0: 5 6 3 5
LN1: 2 6 2 9
LN2: 9 6 1 3
LN3: 6 6 0 7
LN4: 3 6 9 1
NL 547
ROOT: 5 0 4 1
LN0: 7 5 3 4
LN1: 4 5 2 8
LN2: 1 5 1 2
LN3: 8 5 0 6
LN4: 5 5 9 0
NL 548
ROOT: 6 1 3 2
LN0: 8 6 2 5
LN1: 5 6 1 9
LN2: 2 6 0 3
LN3: 9 6 9 7
LN4: 6 6 8 1
NL 549
ROOT: 9 1 4 8
LN0: 1 6 3 1
LN1: 8 6 2 5
LN2: 5 6 1 9
LN3: 2 6 0 3
LN4: 9 6 9 7
NL 550
ROOT: 7 9 4 6
LN0: 9 4 3 9
LN1: 6 4 2 3
LN2: 3 4 1 7
LN3: 0 4 0 1
LN4: 7 4 9 5
NL 551
ROOT: 6 1 3 8
LN0: 8 6 2 1
LN1: 5 6 1 5
LN2: 2 6 0 9
LN3: 9 6 9 3
LN4: 6 6 8 7
NL 552
ROOT: 9 1 4 8
LN0: 1 6 3 1
LN1: 8 6 2 5
LN2: 5 6 1 9
LN3: 2 6 0 3
LN4: 9 6 9 7
NL 553
ROOT: 7 9 4 2
LN0: 9 4 3 5
LN1: 6 4 2 9
LN2: 3 4 1 3
LN3: 0 4 0 7
LN4: 7 4 9 1
NL 554
ROOT: 1 9 4 4
LN0: 3 4 3 7
LN1: 0 4 2 1
LN2: 7 4 1 5
LN3: 4 4 0 9
LN4: 1 4 9 3
NL 555
ROOT: 1 9 4 4
LN0: 3 4 3 7
LN1: 0 4 2 1
LN2: 7 4 1 5
LN3: 4 4 0 9
LN4: 1 4 9 3
NL 556
ROOT: 7 9 4 2
LN0: 9 4 3 5
LN1: 6 4 2 9
LN2: 3 4 1 3
LN3: 0 4 0 7
LN4: 7 4 9 1
NL 557
ROOT: 7 9 4 6
LN0: 9 4 3 9
LN1: 6 4 2 3
LN2: 3 4 1 7
LN3: 0 4 0 1
LN4: 7 4 9 5
NL 558
ROOT: 5 0 4 1
LN0: 7 5 3 4
LN1: 4 5 2 8
LN2: 1 5 1 2
LN3: 8 5 0 6
LN4: 5 5 9 0
NL 559
ROOT: 7 9 4 2
LN0: 9 4 3 5
LN1: 6 4 2 9
LN2: 3 4 1 3
LN3: 0 4 0 7
LN4: 7 4 9 1
NL 560
ROOT: 9 1 4 8
LN0: 1 6 3 1
LN1: 8 6 2 5
LN2: 5 6 1 9
LN3: 2 6 0 3
LN4: 9 6 9 7
NL 561
ROOT: 3 1 4 2
LN0: 5 6 3 5
LN1: 2 6 2 9
LN2: 9 6 1 3
LN3: 6 6 0 7
LN4: 3 6 9 1
NL 562
ROOT: 6 1 3 8
LN0: 8 6 2 1
LN1: 5 6 1 5
LN2: 2 6 0 9
LN3: 9 6 9 3
LN4: 6 6 8 7
NL 563
ROOT: 5 0 4 1
LN0: 7 5 3 4
LN1: 4 5 2 8
LN2: 1 5 1 2
LN3: 8 5 0 6
LN4: 5 5 9 0
NL 564
ROOT: 3 1 4 2
LN0: 5 6 3 5
LN1: 2 6 2 9
LN2: 9 6 1 3
LN3: 6 6 0 7
LN4: 3 6 9 1
NL 565
ROOT: 7 9 4 6
LN0: 9 4 3 9
LN1: 6 4 2 3
LN2: 3 4 1 7
LN3: 0 4 0 1
LN4: 7 4 9 5
NL 566
ROOT: 6 1 3 2
LN0: 8 6 2 5
LN1: 5 6 1 9
LN2: 2 6 0 3
LN3: 9 6 9 7
LN4: 6 6 8 1
NL 567
ROOT: 6 1 3 8
LN0: 8 6 2 1
LN1: 5 6 1 5
LN2: 2 6 0 9
LN3: 9 6 9 3
LN4: 6 6 8 7
NL 568
ROOT: 3 1 4 2
LN0: 5 6 3 5
LN1: 2 6 2 9
LN2: 9 6 1 3
LN3: 6 6 0 7
LN4: 3 6 9 1
NL 569
ROOT: 5 0 4 1
LN0: 7 5 3 4
LN1: 4 5 2 8
LN2: 1 5 1 2
LN3: 8 5 0 6
LN4: 5 5 9 0
NL 570
ROOT: 9 1 4 8
LN0: 1 6 3 1
LN1: 8 6 2 5
LN2: 5 6 1 9
LN3: 2 6 0 3
LN4: 9 6 9 7
NL 571
ROOT: 7 9 2 2
LN0: 9 4 1 5
LN1: 6 4 0 9
LN2: 3 4 9 3
LN3: 0 4 8 7
LN4: 7 4 7 1
NL 572
ROOT: 6 1 3 8
LN0: 8 6 2 1
LN1: 5 6 1 5
LN2: 2 6 0 9
LN3: 9 6 9 3
LN4: 6 6 8 7
NL 573
ROOT: 7 9 4 2
LN0: 9 4 3 5
LN1: 6 4 2 9
LN2: 3 4 1 3
LN3: 0 4 0 7
LN4: 7 4 9 1
NL 574
ROOT: 9 1 4 8
LN0: 1 6 3 1
LN1: 8 6 2 5
LN2: 5 6 1 9
LN3: 2 6 0 3
LN4: 9 6 9 7
NL 575
ROOT: 6 1 3 2
LN0: 8 6 2 5
LN1: 5 6 1 9
LN2: 2 6 0 3
LN3: 9 6 9 7
LN4: 6 6 8 1
NL 576
ROOT: 7 9 4 6
LN0: 9 4 3 9
LN1: 6 4 2 3
LN2: 3 4 1 7
LN3: 0 4 0 1
LN4: 7 4 9 5
NL 577
ROOT: 7 9 2 2
LN0: 9 4 1 5
LN1: 6 4 0 9
LN2: 3 4 9 3
LN3: 0 4 8 7
LN4: 7 4 7 1
NL 578
ROOT: 7 9 4 2
LN0: 9 4 3 5
LN1: 6 4 2 9
LN2: 3 4 1 3
LN3: 0 4 0 7
LN4: 7 4 9 1
NL 579
ROOT: 3 1 4 2
LN0: 5 6 3 5
LN1: 2 6 2 9
LN2: 9 6 1 3
LN3: 6 6 0 7
LN4: 3 6 9 1
NL 580
ROOT: 9 1 4 4
LN0: 1 6 3 7
LN1: 8 6 2 1
LN2: 5 6 1 5
LN3: 2 6 0 9
LN4: 9 6 9 3
NL 581
ROOT: 3 1 4 2
LN0: 5 6 3 5
LN1: 2 6 2 9
LN2: 9 6 1 3
LN3: 6 6 0 7
LN4: 3 6 9 1
NL 582
ROOT: 6 1 3 8
LN0: 8 6 2 1
LN1: 5 6 1 5
LN2: 2 6 0 9
LN3: 9 6 9 3
LN4: 6 6 8 7
NL 583
ROOT: 9 1 4 8
LN0: 1 6 3 1
LN1: 8 6 2 5
LN2: 5 6 1 9
LN3: 2 6 0 3
LN4: 9 6 9 7
NL 584
ROOT: 6 1 3 8
LN0: 8 6 2 1
LN1: 5 6 1 5
LN2: 2 6 0 9
LN3: 9 6 9 3
LN4: 6 6 8 7
NL 585
ROOT: 3 1 4 2
LN0: 5 6 3 5
LN1: 2 6 2 9
LN2: 9 6 1 3
LN3: 6 6 0 7
LN4: 3 6 9 1
NL 586
ROOT: 9 1 4 4
LN0: 1 6 3 7
LN1: 8 6 2 1
LN2: 5 6 1 5
LN3: 2 6 0 9
LN4: 9 6 9 3
NL 587
ROOT: 9 1 4 4
LN0: 1 6 3 7
LN1: 8 6 2 1
LN2: 5 6 1 5
LN3: 2 6 0 9
LN4: 9 6 9 3
NL 588
ROOT: 3 1 4 2
LN0: 5 6 3 5
LN1: 2 6 2 9
LN2: 9 6 1 3
LN3: 6 6 0 7
LN4: 3 6 9 1
NL 589
ROOT: 7 9 2 2
LN0: 9 4 1 5
LN1: 6 4 0 9
LN2: 3 4 9 3
LN3: 0 4 8 7
LN4: 7 4 7 1
NL 590
ROOT: 9 1 4 4
LN0: 1 6 3 7
LN1: 8 6 2 1
LN2: 5 6 1 5
LN3: 2 6 0 9
LN4: 9 6 9 3
NL 591
ROOT: 6 1 5 8
LN0: 8 6 4 1
LN1: 5 6 3 5
LN2: 2 6 2 9
LN3: 9 6 1 3
LN4: 6 6 0 7
NL 592
ROOT: 1 9 4 4
LN0: 3 4 3 7
LN1: 0 4 2 1
LN2: 7 4 1 5
LN3: 4 4 0 9
LN4: 1 4 9 3
NL 593
ROOT: 9 1 4 8
LN0: 1 6 3 1
LN1: 8 6 2 5
LN2: 5 6 1 9
LN3: 2 6 0 3
LN4: 9 6 9 7
NL 594
ROOT: 6 1 3 8
LN0: 8 6 2 1
LN1: 5 6 1 5
LN2: 2 6 0 9
LN3: 9 6 9 3
LN4: 6 6 8 7
NL 595
ROOT: 6 1 5 8
LN0: 8 6 4 1
LN1: 5 6 3 5
LN2: 2 6 2 9
LN3: 9 6 1 3
LN4: 6 6 0 7
NL 596
ROOT: 7 9 4 2
LN0: 9 4 3 5
LN1: 6 4 2 9
LN2: 3 4 1 3
LN3: 0 4 0 7
LN4: 7 4 9 1
NL 597
ROOT: 3 1 4 2
LN0: 5 6 3 5
LN1: 2 6 2 9
LN2: 9 6 1 3
LN3: 6 6 0 7
LN4: 3 6 9 1
NL 598
ROOT: 6 1 3 2
LN0: 8 6 2 5
LN1: 5 6 1 9
LN2: 2 6 0 3
LN3: 9 6 9 7
LN4: 6 6 8 1
NL 599
ROOT: 6 1 3 8
LN0: 8 6 2 1
LN1: 5 6 1 5
LN2: 2 6 0 9
LN3: 9 6 9 3
LN4: 6 6 8 7
NL 600
ROOT: 5 0 4 1
LN0: 7 5 3 4
LN1: 4 5 2 8
LN2: 1 5 1 2
LN3: 8 5 0 6
LN4: 5 5 9 0
NL 601
ROOT: 6 1 3 8
LN0: 8 6 2 1
LN1: 5 6 1 5
LN2: 2 6 0 9
LN3: 9 6 9 3
LN4: 6 6 8 7
NL 602
ROOT: 9 1 4 8
LN0: 1 6 3 1
LN1: 8 6 2 5
LN2: 5 6 1 9
LN3: 2 6 0 3
LN4: 9 6 9 7
NL 603
ROOT: 1 9 4 4
LN0: 3 4 3 7
LN1: 0 4 2 1
LN2: 7 4 1 5
LN3: 4 4 0 9
LN4: 1 4 9 3
NL 604
ROOT: 5 0 4 1
LN0: 7 5 3 4
LN1: 4 5 2 8
LN2: 1 5 1 2
LN3: 8 5 0 6
LN4: 5 5 9 0
NL 605
ROOT: 9 1 4 4
LN0: 1 6 3 7
LN1: 8 6 2 1
LN2: 5 6 1 5
LN3: 2 6 0 9
LN4: 9 6 9 3
NL 606
ROOT: 1 9 4 4
LN0: 3 4 3 7
LN1: 0 4 2 1
LN2: 7 4 1 5
LN3: 4 4 0 9
LN4: 1 4 9 3
NL 607
ROOT: 7 9 4 2
LN0: 9 4 3 5
LN1: 6 4 2 9
LN2: 3 4 1 3
LN3: 0 4 0 7
LN4: 7 4 9 1
NL 608
ROOT: 1 9 4 4
LN0: 3 4 3 7
LN1: 0 4 2 1
LN2: 7 4 1 5
LN3: 4 4 0 9
LN4: 1 4 9 3
NL 609
ROOT: 6 1 3 2
LN0: 8 6 2 5
LN1: 5 6 1 9
LN2: 2 6 0 3
LN3: 9 6 9 7
LN4: 6 6 8 1
NL 610
ROOT: 1 9 4 4
LN0: 3 4 3 7
LN1: 0 4 2 1
LN2: 7 4 1 5
LN3: 4 4 0 9
LN4: 1 4 9 3
NL 611
ROOT: 6 1 3 8
LN0: 8 6 2 1
LN1: 5 6 1 5
LN2: 2 6 0 9
LN3: 9 6 9 3
LN4: 6 6 8 7
NL 612
ROOT: 9 1 4 8
LN0: 1 6 3 1
LN1: 8 6 2 5
LN2: 5 6 1 9
LN3: 2 6 0 3
LN4: 9 6 9 7
NL 613
ROOT: 6 1 3 2
LN0: 8 6 2 5
LN1: 5 6 1 9
LN2: 2 6 0 3
LN3: 9 6 9 7
LN4: 6 6 8 1
NL 614
ROOT: 3 1 4 2
LN0: 5 6 3 5
LN1: 2 6 2 9
LN2: 9 6 1 3
LN3: 6 6 0 7
LN4: 3 6 9 1
NL 615
ROOT: 7 9 4 6
LN0: 9 4 3 9
LN1: 6 4 2 3
LN2: 3 4 1 7
LN3: 0 4 0 1
LN4: 7 4 9 5
NL 616
ROOT: 7 9 4 2
LN0: 9 4 3 5
LN1: 6 4 2 9
LN2: 3 4 1 3
LN3: 0 4 0 7
LN4: 7 4 9 1
NL 617
ROOT: 5 0 4 1
LN0: 7 5 3 4
LN1: 4 5 2 8
LN2: 1 5 1 2
LN3: 8 5 0 6
LN4: 5 5 9 0
NL 618
ROOT: 5 0 4 1
LN0: 7 5 3 4
LN1: 4 5 2 8
LN2: 1 5 1 2
LN3: 8 5 0 6
LN4: 5 5 9 0
NL 619
ROOT: 6 1 5 8
LN0: 8 6 4 1
LN1: 5 6 3 5
LN2: 2 6 2 9
LN3: 9 6 1 3
LN4: 6 6 0 7
NL 620
ROOT: 7 9 2 2
LN0: 9 4 1 5
LN1: 6 4 0 9
LN2: 3 4 9 3
LN3: 0 4 8 7
LN4: 7 4 7 1
NL 621
ROOT: 5 0 4 1
LN0: 7 5 3 4
LN1: 4 5 2 8
LN2: 1 5 1 2
LN3: 8 5 0 6
LN4: 5 5 9 0
NL 622
ROOT: 6 1 5 8
LN0: 8 6 4 1
LN1: 5 6 3 5
LN2: 2 6 2 9
LN3: 9 6 1 3
LN4: 6 6 0 7
NL 623
ROOT: 7 9 4 2
LN0: 9 4 3 5
LN1: 6 4 2 9
LN2: 3 4 1 3
LN3: 0 4 0 7
LN4: 7 4 9 1
NL 624
ROOT: 3 1 4 2
LN0: 5 6 3 5
LN1: 2 6 2 9
LN2: 9 6 1 3
LN3: 6 6 0 7
LN4: 3 6 9 1
NL 625
ROOT: 3 1 4 2
LN0: 5 6 3 5
LN1: 2 6 2 9
LN2: 9 6 1 3
LN3: 6 6 0 7
LN4: 3 6 9 1
NL 626
ROOT: 1 9 4 4
LN0: 3 4 3 7
LN1: 0 4 2 1
LN2: 7 4 1 5
LN3: 4 4 0 9
LN4: 1 4 9 3
NL 627
ROOT: 7 9 2 2
LN0: 9 4 1 5
LN1: 6 4 0 9
LN2: 3 4 9 3
LN3: 0 4 8 7
LN4: 7 4 7 1
NL 628
ROOT: 9 1 4 4
LN0: 1 6 3 7
LN1: 8 6 2 1
LN2: 5 6 1 5
LN3: 2 6 0 9
LN4: 9 6 9 3
NL 629
ROOT: 7 9 4 6
LN0: 9 4 3 9
LN1: 6 4 2 3
LN2: 3 4 1 7
LN3: 0 4 0 1
LN4: 7 4 9 5
NL 630
ROOT: 9 1 4 8
LN0: 1 6 3 1
LN1: 8 6 2 5
LN2: 5 6 1 9
LN3: 2 6 0 3
LN4: 9 6 9 7
NL 631
ROOT: 9 1 4 8
LN0: 1 6 3 1
LN1: 8 6 2 5
LN2: 5 6 1 9
LN3: 2 6 0 3
LN4: 9 6 9 7
NL 632
ROOT: 6 1 3 2
LN0: 8 6 2 5
LN1: 5 6 1 9
LN2: 2 6 0 3
LN3: 9 6 9 7
LN4: 6 6 8 1
NL 633
ROOT: 1 9 4 4
LN0: 3 4 3 7
LN1: 0 4 2 1
LN2: 7 4 1 5
LN3: 4 4 0 9
LN4: 1 4 9 3
NL 634
ROOT: 6 1 3 8
LN0: 8 6 2 1
LN1: 5 6 1 5
LN2: 2 6 0 9
LN3: 9 6 9 3
LN4: 6 6 8 7
NL 635
ROOT: 7 9 2 2
LN0: 9 4 1 5
LN1: 6 4 0 9
LN2: 3 4 9 3
LN3: 0 4 8 7
LN4: 7 4 7 1
NL 636
ROOT: 7 9 2 2
LN0: 9 4 1 5
LN1: 6 4 0 9
LN2: 3 4 9 3
LN3: 0 4 8 7
LN4: 7 4 7 1
NL 637
ROOT: 7 9 4 6
LN0: 9 4 3 9
LN1: 6 4 2 3
LN2: 3 4 1 7
LN3: 0 4 0 1
LN4: 7 4 9 5
NL 638
ROOT: 7 9 4 6
LN0: 9 4 3 9
LN1: 6 4 2 3
LN2: 3 4 1 7
LN3: 0 4 0 1
LN4: 7 4 9 5
NL 639
ROOT: 3 1 4 2
LN0: 5 6 3 5
LN1: 2 6 2 9
LN2: 9 6 1 3
LN3: 6 6 0 7
LN4: 3 6 9 1
NL 640
ROOT: 6 1 3 2
LN0: 8 6 2 5
LN1: 5 6 1 9
LN2: 2 6 0 3
LN3: 9 6 9 7
LN4: 6 6 8 1
NL 641
ROOT: 6 1 3 2
LN0: 8 6 2 5
LN1: 5 6 1 9
LN2: 2 6 0 3
LN3: 9 6 9 7
LN4: 6 6 8 1
NL 642
ROOT: 6 1 3 2
LN0: 8 6 2 5
LN1: 5 6 1 9
LN2: 2 6 0 3
LN3: 9 6 9 7
LN4: 6 6 8 1
NL 643
ROOT: 9 1 4 4
LN0: 1 6 3 7
LN1: 8 6 2 1
LN2: 5 6 1 5
LN3: 2 6 0 9
LN4: 9 6 9 3
NL 644
ROOT: 5 0 4 1
LN0: 7 5 3 4
LN1: 4 5 2 8
LN2: 1 5 1 2
LN3: 8 5 0 6
LN4: 5 5 9 0
NL 645
ROOT: 9 1 4 4
LN0: 1 6 3 7
LN1: 8 6 2 1
LN2: 5 6 1 5
LN3: 2 6 0 9
LN4: 9 6 9 3
NL 646
ROOT: 6 1 3 2
LN0: 8 6 2 5
LN1: 5 6 1 9
LN2: 2 6 0 3
LN3: 9 6 9 7
LN4: 6 6 8 1
NL 647
ROOT: 9 1 4 4
LN0: 1 6 3 7
LN1: 8 6 2 1
LN2: 5 6 1 5
LN3: 2 6 0 9
LN4: 9 6 9 3
NL 648
ROOT: 7 9 4 2
LN0: 9 4 3 5
LN1: 6 4 2 9
LN2: 3 4 1 3
LN3: 0 4 0 7
LN4: 7 4 9 1
NL 649
ROOT: 6 1 3 8
LN0: 8 6 2 1
LN1: 5 6 1 5
LN2: 2 6 0 9
LN3: 9 6 9 3
LN4: 6 6 8 7
NL 650
ROOT: 7 9 4 2
LN0: 9 4 3 5
LN1: 6 4 2 9
LN2: 3 4 1 3
LN3: 0 4 0 7
LN4: 7 4 9 1
NL 651
ROOT: 7 9 4 2
LN0: 9 4 3 5
LN1: 6 4 2 9
LN2: 3 4 1 3
LN3: 0 4 0 7
LN4: 7 4 9 1
NL 652
ROOT: 5 0 4 1
LN0: 7 5 3 4
LN1: 4 5 2 8
LN2: 1 5 1 2
LN3: 8 5 0 6
LN4: 5 5 9 0
NL 653
ROOT: 5 0 4 1
LN0: 7 5 3 4
LN1: 4 5 2 8
LN2: 1 5 1 2
LN3: 8 5 0 6
LN4: 5 5 9 0
NL 654
ROOT: 3 1 4 2
LN0: 5 6 3 5
LN1: 2 6 2 9
LN2: 9 6 1 3
LN3: 6 6 0 7
LN4: 3 6 9 1
NL 655
ROOT: 9 1 4 4
LN0: 1 6 3 7
LN1: 8 6 2 1
LN2: 5 6 1 5
LN3: 2 6 0 9
LN4: 9 6 9 3
NL 656
ROOT: 6 1 3 2
LN0: 8 6 2 5
LN1: 5 6 1 9
LN2: 2 6 0 3
LN3: 9 6 9 7
LN4: 6 6 8 1
NL 657
ROOT: 7 9 4 2
LN0: 9 4 3 5
LN1: 6 4 2 9
LN2: 3 4 1 3
LN3: 0 4 0 7
LN4: 7 4 9 1
NL 658
ROOT: 9 1 4 8
LN0: 1 6 3 1
LN1: 8 6 2 5
LN2: 5 6 1 9
LN3: 2 6 0 3
LN4: 9 6 9 7
NL 659
ROOT: 7 9 4 2
LN0: 9 4 3 5
LN1: 6 4 2 9
LN2: 3 4 1 3
LN3: 0 4 0 7
LN4: 7 4 9 1
NL 660
ROOT: 6 1 5 8
LN0: 8 6 4 1
LN1: 5 6 3 5
LN2: 2 6 2 9
LN3: 9 6 1 3
LN4: 6 6 0 7
NL 661
ROOT: 9 1 4 4
LN0: 1 6 3 7
LN1: 8 6 2 1
LN2: 5 6 1 5
LN3: 2 6 0 9
LN4: 9 6 9 3
NL 662
ROOT: 7 9 4 2
LN0: 9 4 3 5
LN1: 6 4 2 9
LN2: 3 4 1 3
LN3: 0 4 0 7
LN4: 7 4 9 1
NL 663
ROOT: 7 9 2 2
LN0: 9 4 1 5
LN1: 6 4 0 9
LN2: 3 4 9 3
LN3: 0 4 8 7
LN4: 7 4 7 1
NL 664
ROOT: 6 1 3 2
LN0: 8 6 2 5
LN1: 5 6 1 9
LN2: 2 6 0 3
LN3: 9 6 9 7
LN4: 6 6 8 1
NL 665
ROOT: 9 1 4 8
LN0: 1 6 3 1
LN1: 8 6 2 5
LN2: 5 6 1 9
LN3: 2 6 0 3
LN4: 9 6 9 7
NL 666
ROOT: 6 1 3 2
LN0: 8 6 2 5
LN1: 5 6 1 9
LN2: 2 6 0 3
LN3: 9 6 9 7
LN4: 6 6 8 1
NL 667
ROOT: 6 1 3 2
LN0: 8 6 2 5
LN1: 5 6 1 9
LN2: 2 6 0 3
LN3: 9 6 9 7
LN4: 6 6 8 1
NL 668
ROOT: 1 9 4 4
LN0: 3 4 3 7
LN1: 0 4 2 1
LN2: 7 4 1 5
LN3: 4 4 0 9
LN4: 1 4 9 3
NL 669
ROOT: 9 1 4 8
LN0: 1 6 3 1
LN1: 8 6 2 5
LN2: 5 6 1 9
LN3: 2 6 0 3
LN4: 9 6 9 7
NL 670
ROOT: 1 9 4 4
LN0: 3 4 3 7
LN1: 0 4 2 1
LN2: 7 4 1 5
LN3: 4 4 0 9
LN4: 1 4 9 3
NL 671
ROOT: 1 9 4 4
LN0: 3 4 3 7
LN1: 0 4 2 1
LN2: 7 4 1 5
LN3: 4 4 0 9
LN4: 1 4 9 3
NL 672
ROOT: 9 1 4 8
LN0: 1 6 3 1
LN1: 8 6 2 5
LN2: 5 6 1 9
LN3: 2 6 0 3
LN4: 9 6 9 7
NL 673
ROOT: 9 1 4 8
LN0: 1 6 3 1
LN1: 8 6 2 5
LN2: 5 6 1 9
LN3: 2 6 0 3
LN4: 9 6 9 7
NL 674
ROOT: 6 1 3 8
LN0: 8 6 2 1
LN1: 5 6 1 5
LN2: 2 6 0 9
LN3: 9 6 9 3
LN4: 6 6 8 7
NL 675
ROOT: 7 9 2 2
LN0: 9 4 1 5
LN1: 6 4 0 9
LN2: 3 4 9 3
LN3: 0 4 8 7
LN4: 7 4 7 1
NL 676
ROOT: 7 9 4 6
LN0: 9 4 3 9
LN1: 6 4 2 3
LN2: 3 4 1 7
LN3: 0 4 0 1
LN4: 7 4 9 5
NL 677
ROOT: 6 1 5 8
LN0: 8 6 4 1
LN1: 5 6 3 5
LN2: 2 6 2 9
LN3: 9 6 1 3
LN4: 6 6 0 7
NL 678
ROOT: 9 1 4 8
LN0: 1 6 3 1
LN1: 8 6 2 5
LN2: 5 6 1 9
LN3: 2 6 0 3
LN4: 9 6 9 7
NL 679
ROOT: 9 1 4 4
LN0: 1 6 3 7
LN1: 8 6 2 1
LN2: 5 6 1 5
LN3: 2 6 0 9
LN4: 9 6 9 3
NL 680
ROOT: 6 1 5 8
LN0: 8 6 4 1
LN1: 5 6 3 5
LN2: 2 6 2 9
LN3: 9 6 1 3
LN4: 6 6 0 7
NL 681
ROOT: 9 1 4 8
LN0: 1 6 3 1
LN1: 8 6 2 5
LN2: 5 6 1 9
LN3: 2 6 0 3
LN4: 9 6 9 7
NL 682
ROOT: 5 0 4 1
LN0: 7 5 3 4
LN1: 4 5 2 8
LN2: 1 5 1 2
LN3: 8 5 0 6
LN4: 5 5 9 0
NL 683
ROOT: 3 1 4 2
LN0: 5 6 3 5
LN1: 2 6 2 9
LN2: 9 6 1 3
LN3: 6 6 0 7
LN4: 3 6 9 1
NL 684
ROOT: 5 0 4 1
LN0: 7 5 3 4
LN1: 4 5 2 8
LN2: 1 5 1 2
LN3: 8 5 0 6
LN4: 5 5 9 0
NL 685
ROOT: 5 0 4 1
LN0: 7 5 3 4
LN1: 4 5 2 8
LN2: 1 5 1 2
LN3: 8 5 0 6
LN4: 5 5 9 0
NL 686
ROOT: 7 9 4 6
LN0: 9 4 3 9
LN1: 6 4 2 3
LN2: 3 4 1 7
LN3: 0 4 0 1
LN4: 7 4 9 5
NL 687
ROOT: 7 9 4 2
LN0: 9 4 3 5
LN1: 6 4 2 9
LN2: 3 4 1 3
LN3: 0 4 0 7
LN4: 7 4 9 1
NL 688
ROOT: 5 0 4 1
LN0: 7 5 3 4
LN1: 4 5 2 8
LN2: 1 5 1 2
LN3: 8 5 0 6
LN4: 5 5 9 0
NL 689
ROOT: 9 1 4 8
LN0: 1 6 3 1
LN1: 8 6 2 5
LN2: 5 6 1 9
LN3: 2 6 0 3
LN4: 9 6 9 7
NL 690
ROOT: 6 1 3 2
LN0: 8 6 2 5
LN1: 5 6 1 9
LN2: 2 6 0 3
LN3: 9 6 9 7
LN4: 6 6 8 1
NL 691
ROOT: 6 1 5 8
LN0: 8 6 4 1
LN1: 5 6 3 5
LN2: 2 6 2 9
LN3: 9 6 1 3
LN4: 6 6 0 7
NL 692
ROOT: 3 1 4 2
LN0: 5 6 3 5
LN1: 2 6 2 9
LN2: 9 6 1 3
LN3: 6 6 0 7
LN4: 3 6 9 1
NL 693
ROOT: 7 9 2 2
LN0: 9 4 1 5
LN1: 6 4 0 9
LN2: 3 4 9 3
LN3: 0 4 8 7
LN4: 7 4 7 1
NL 694
ROOT: 6 1 3 8
LN0: 8 6 2 1
LN1: 5 6 1 5
LN2: 2 6 0 9
LN3: 9 6 9 3
LN4: 6 6 8 7
NL 695
ROOT: 6 1 5 8
LN0: 8 6 4 1
LN1: 5 6 3 5
LN2: 2 6 2 9
LN3: 9 6 1 3
LN4: 6 6 0 7
NL 696
ROOT: 7 9 2 2
LN0: 9 4 1 5
LN1: 6 4 0 9
LN2: 3 4 9 3
LN3: 0 4 8 7
LN4: 7 4 7 1
NL 697
ROOT: 3 1 4 2
LN0: 5 6 3 5
LN1: 2 6 2 9
LN2: 9 6 1 3
LN3: 6 6 0 7
LN4: 3 6 9 1
NL 698
ROOT: 7 9 2 2
LN0: 9 4 1 5
LN1: 6 4 0 9
LN2: 3 4 9 3
LN3: 0 4 8 7
LN4: 7 4 7 1
NL 699
ROOT: 1 9 4 4
LN0: 3 4 3 7
LN1: 0 4 2 1
LN2: 7 4 1 5
LN3: 4 4 0 9
LN4: 1 4 9 3
NL 700
ROOT: 1 9 4 4
LN0: 3 4 3 7
LN1: 0 4 2 1
LN2: 7 4 1 5
LN3: 4 4 0 9
LN4: 1 4 9 3
NL 701
ROOT: 5 0 4 1
LN0: 7 5 3 4
LN1: 4 5 2 8
LN2: 1 5 1 2
LN3: 8 5 0 6
LN4: 5 5 9 0
NL 702
ROOT: 9 1 4 4
LN0: 1 6 3 7
LN1: 8 6 2 1
LN2: 5 6 1 5
LN3: 2 6 0 9
LN4: 9 6 9 3
NL 703
ROOT: 6 1 5 8
LN0: 8 6 4 1
LN1: 5 6 3 5
LN2: 2 6 2 9
LN3: 9 6 1 3
LN4: 6 6 0 7
NL 704
ROOT: 5 0 4 1
LN0: 7 5 3 4
LN1: 4 5 2 8
LN2: 1 5 1 2
LN3: 8 5 0 6
LN4: 5 5 9 0
NL 705
ROOT: 9 1 4 8
LN0: 1 6 3 1
LN1: 8 6 2 5
LN2: 5 6 1 9
LN3: 2 6 0 3
LN4: 9 6 9 7
NL 706
ROOT: 7 9 4 6
LN0: 9 4 3 9
LN1: 6 4 2 3
LN2: 3 4 1 7
LN3: 0 4 0 1
LN4: 7 4 9 5
NL 707
ROOT: 1 9 4 4
LN0: 3 4 3 7
LN1: 0 4 2 1
LN2: 7 4 1 5
LN3: 4 4 0 9
LN4: 1 4 9 3
NL 708
ROOT: 9 1 4 4
LN0: 1 6 3 7
LN1: 8 6 2 1
LN2: 5 6 1 5
LN3: 2 6 0 9
LN4: 9 6 9 3
NL 709
ROOT: 1 9 4 4
LN0: 3 4 3 7
LN1: 0 4 2 1
LN2: 7 4 1 5
LN3: 4 4 0 9
LN4: 1 4 9 3
NL 710
ROOT: 7 9 2 2
LN0: 9 4 1 5
LN1: 6 4 0 9
LN2: 3 4 9 3
LN3: 0 4 8 7
LN4: 7 4 7 1
NL 711
ROOT: 9 1 4 8
LN0: 1 6 3 1
LN1: 8 6 2 5
LN2: 5 6 1 9
LN3: 2 6 0 3
LN4: 9 6 9 7
NL 712
ROOT: 9 1 4 8
LN0: 1 6 3 1
LN1: 8 6 2 5
LN2: 5 6 1 9
LN3: 2 6 0 3
LN4: 9 6 9 7
NL 713
ROOT: 6 1 3 8
LN0: 8 6 2 1
LN1: 5 6 1 5
LN2: 2 6 0 9
LN3: 9 6 9 3
LN4: 6 6 8 7
NL 714
ROOT: 1 9 4 4
LN0: 3 4 3 7
LN1: 0 4 2 1
LN2: 7 4 1 5
LN3: 4 4 0 9
LN4: 1 4 9 3
NL 715
ROOT: 6 1 3 2
LN0: 8 6 2 5
LN1: 5 6 1 9
LN2: 2 6 0 3
LN3: 9 6 9 7
LN4: 6 6 8 1
NL 716
ROOT: 3 1 4 2
LN0: 5 6 3 5
LN1: 2 6 2 9
LN2: 9 6 1 3
LN3: 6 6 0 7
LN4: 3 6 9 1
NL 717
ROOT: 7 9 2 2
LN0: 9 4 1 5
LN1: 6 4 0 9
LN2: 3 4 9 3
LN3: 0 4 8 7
LN4: 7 4 7 1
NL 718
ROOT: 9 1 4 8
LN0: 1 6 3 1
LN1: 8 6 2 5
LN2: 5 6 1 9
LN3: 2 6 0 3
LN4: 9 6 9 7
NL 719
ROOT: 1 9 4 4
LN0: 3 4 3 7
LN1: 0 4 2 1
LN2: 7 4 1 5
LN3: 4 4 0 9
LN4: 1 4 9 3
NL 720
ROOT: 5 0 4 1
LN0: 7 5 3 4
LN1: 4 5 2 8
LN2: 1 5 1 2
LN3: 8 5 0 6
LN4: 5 5 9 0
NL 721
ROOT: 1 9 4 4
LN0: 3 4 3 7
LN1: 0 4 2 1
LN2: 7 4 1 5
LN3: 4 4 0 9
LN4: 1 4 9 3
NL 722
ROOT: 7 9 4 6
LN0: 9 4 3 9
LN1: 6 4 2 3
LN2: 3 4 1 7
LN3: 0 4 0 1
LN4: 7 4 9 5
NL 723
ROOT: 6 1 3 8
LN0: 8 6 2 1
LN1: 5 6 1 5
LN2: 2 6 0 9
LN3: 9 6 9 3
LN4: 6 6 8 7
NL 724
ROOT: 5 0 4 1
LN0: 7 5 3 4
LN1: 4 5 2 8
LN2: 1 5 1 2
LN3: 8 5 0 6
LN4: 5 5 9 0
NL 725
ROOT: 5 0 4 1
LN0: 7 5 3 4
LN1: 4 5 2 8
LN2: 1 5 1 2
LN3: 8 5 0 6
LN4: 5 5 9 0
NL 726
ROOT: 3 1 4 2
LN0: 5 6 3 5
LN1: 2 6 2 9
LN2: 9 6 1 3
LN3: 6 6 0 7
LN4: 3 6 9 1
NL 727
ROOT: 5 0 4 1
LN0: 7 5 3 4
LN1: 4 5 2 8
LN2: 1 5 1 2
LN3: 8 5 0 6
LN4: 5 5 9 0
NL 728
ROOT: 3 1 4 2
LN0: 5 6 3 5
LN1: 2 6 2 9
LN2: 9 6 1 3
LN3: 6 6 0 7
LN4: 3 6 9 1
NL 729
ROOT: 1 9 4 4
LN0: 3 4 3 7
LN1: 0 4 2 1
LN2: 7 4 1 5
LN3: 4 4 0 9
LN4: 1 4 9 3
NL 730
ROOT: 6 1 3 8
LN0: 8 6 2 1
LN1: 5 6 1 5
LN2: 2 6 0 9
LN3: 9 6 9 3
LN4: 6 6 8 7
NL 731
ROOT: 6 1 3 2
LN0: 8 6 2 5
LN1: 5 6 1 9
LN2: 2 6 0 3
LN3: 9 6 9 7
LN4: 6 6 8 1
NL 732
ROOT: 9 1 4 4
LN0: 1 6 3 7
LN1: 8 6 2 1
LN2: 5 6 1 5
LN3: 2 6 0 9
LN4: 9 6 9 3
NL 733
ROOT: 9 1 4 8
LN0: 1 6 3 1
LN1: 8 6 2 5
LN2: 5 6 1 9
LN3: 2 6 0 3
LN4: 9 6 9 7
NL 734
ROOT: 7 9 4 6
LN0: 9 4 3 9
LN1: 6 4 2 3
LN2: 3 4 1 7
LN3: 0 4 0 1
LN4: 7 4 9 5
NL 735
ROOT: 7 9 4 6
LN0: 9 4 3 9
LN1: 6 4 2 3
LN2: 3 4 1 7
LN3: 0 4 0 1
LN4: 7 4 9 5
NL 736
ROOT: 1 9 4 4
LN0: 3 4 3 7
LN1: 0 4 2 1
LN2: 7 4 1 5
LN3: 4 4 0 9
LN4: 1 4 9 3
NL 737
ROOT: 7 9 4 6
LN0: 9 4 3 9
LN1: 6 4 2 3
LN2: 3 4 1 7
LN3: 0 4 0 1
LN4: 7 4 9 5
NL 738
ROOT: 9 1 4 8
LN0: 1 6 3 1
LN1: 8 6 2 5
LN2: 5 6 1 9
LN3: 2 6 0 3
LN4: 9 6 9 7
NL 739
ROOT: 7 9 4 2
LN0: 9 4 3 5
LN1: 6 4 2 9
LN2: 3 4 1 3
LN3: 0 4 0 7
LN4: 7 4 9 1
NL 740
ROOT: 6 1 5 8
LN0: 8 6 4 1
LN1: 5 6 3 5
LN2: 2 6 2 9
LN3: 9 6 1 3
LN4: 6 6 0 7
NL 741
ROOT: 7 9 2 2
LN0: 9 4 1 5
LN1: 6 4 0 9
LN2: 3 4 9 3
LN3: 0 4 8 7
LN4: 7 4 7 1
NL 742
ROOT: 7 9 4 6
LN0: 9 4 3 9
LN1: 6 4 2 3
LN2: 3 4 1 7
LN3: 0 4 0 1
LN4: 7 4 9 5
NL 743
ROOT: 7 9 4 6
LN0: 9 4 3 9
LN1: 6 4 2 3
LN2: 3 4 1 7
LN3: 0 4 0 1
LN4: 7 4 9 5
NL 744
ROOT: 3 1 4 2
LN0: 5 6 3 5
LN1: 2 6 2 9
LN2: 9 6 1 3
LN3: 6 6 0 7
LN4: 3 6 9 1
NL 745
ROOT: 5 0 4 1
LN0: 7 5 3 4
LN1: 4 5 2 8
LN2: 1 5 1 2
LN3: 8 5 0 6
LN4: 5 5 9 0
NL 746
ROOT: 1 9 4 4
LN0: 3 4 3 7
LN1: 0 4 2 1
LN2: 7 4 1 5
LN3: 4 4 0 9
LN4: 1 4 9 3
NL 747
ROOT: 9 1 4 4
LN0: 1 6 3 7
LN1: 8 6 2 1
LN2: 5 6 1 5
LN3: 2 6 0 9
LN4: 9 6 9 3
NL 748
ROOT: 3 1 4 2
LN0: 5 6 3 5
LN1: 2 6 2 9
LN2: 9 6 1 3
LN3: 6 6 0 7
LN4: 3 6 9 1
NL 749
ROOT: 6 1 5 8
LN0: 8 6 4 1
LN1: 5 6 3 5
LN2: 2 6 2 9
LN3: 9 6 1 3
LN4: 6 6 0 7
NL 750
ROOT: 6 1 3 2
LN0: 8 6 2 5
LN1: 5 6 1 9
LN2: 2 6 0 3
LN3: 9 6 9 7
LN4: 6 6 8 1
NL 751
ROOT: 3 1 4 2
LN0: 5 6 3 5
LN1: 2 6 2 9
LN2: 9 6 1 3
LN3: 6 6 0 7
LN4: 3 6 9 1
NL 752
ROOT: 7 9 4 2
LN0: 9 4 3 5
LN1: 6 4 2 9
LN2: 3 4 1 3
LN3: 0 4 0 7
LN4: 7 4 9 1
NL 753
ROOT: 7 9 4 6
LN0: 9 4 3 9
LN1: 6 4 2 3
LN2: 3 4 1 7
LN3: 0 4 0 1
LN4: 7 4 9 5
NL 754
ROOT: 7 9 2 2
LN0: 9 4 1 5
LN1: 6 4 0 9
LN2: 3 4 9 3
LN3: 0 4 8 7
LN4: 7 4 7 1
NL 755
ROOT: 5 0 4 1
LN0: 7 5 3 4
LN1: 4 5 2 8
LN2: 1 5 1 2
LN3: 8 5 0 6
LN4: 5 5 9 0
NL 756
ROOT: 5 0 4 1
LN0: 7 5 3 4
LN1: 4 5 2 8
LN2: 1 5 1 2
LN3: 8 5 0 6
LN4: 5 5 9 0
NL 757
ROOT: 3 1 4 2
LN0: 5 6 3 5
LN1: 2 6 2 9
LN2: 9 6 1 3
LN3: 6 6 0 7
LN4: 3 6 9 1
NL 758
ROOT: 7 9 4 6
LN0: 9 4 3 9
LN1: 6 4 2 3
LN2: 3 4 1 7
LN3: 0 4 0 1
LN4: 7 4 9 5
NL 759
ROOT: 6 1 3 2
LN0: 8 6 2 5
LN1: 5 6 1 9
LN2: 2 6 0 3
LN3: 9 6 9 7
LN4: 6 6 8 1
NL 760
ROOT: 7 9 4 2
LN0: 9 4 3 5
LN1: 6 4 2 9
LN2: 3 4 1 3
LN3: 0 4 0 7
LN4: 7 4 9 1
NL 761
ROOT: 1 9 4 4
LN0: 3 4 3 7
LN1: 0 4 2 1
LN2: 7 4 1 5
LN3: 4 4 0 9
LN4: 1 4 9 3
NL 762
ROOT: 7 9 4 6
LN0: 9 4 3 9
LN1: 6 4 2 3
LN2: 3 4 1 7
LN3: 0 4 0 1
LN4: 7 4 9 5
NL 763
ROOT: 6 1 3 8
LN0: 8 6 2 1
LN1: 5 6 1 5
LN2: 2 6 0 9
LN3: 9 6 9 3
LN4: 6 6 8 7
NL 764
ROOT: 9 1 4 8
LN0: 1 6 3 1
LN1: 8 6 2 5
LN2: 5 6 1 9
LN3: 2 6 0 3
LN4: 9 6 9 7
NL 765
ROOT: 9 1 4 4
LN0: 1 6 3 7
LN1: 8 6 2 1
LN2: 5 6 1 5
LN3: 2 6 0 9
LN4: 9 6 9 3
NL 766
ROOT: 1 9 4 4
LN0: 3 4 3 7
LN1: 0 4 2 1
LN2: 7 4 1 5
LN3: 4 4 0 9
LN4: 1 4 9 3
NL 767
ROOT: 9 1 4 4
LN0: 1 6 3 7
LN1: 8 6 2 1
LN2: 5 6 1 5
LN3: 2 6 0 9
LN4: 9 6 9 3
NL 768
ROOT: 7 9 2 2
LN0: 9 4 1 5
LN1: 6 4 0 9
LN2: 3 4 9 3
LN3: 0 4 8 7
LN4: 7 4 7 1
NL 769
ROOT: 5 0 4 1
LN0: 7 5 3 4
LN1: 4 5 2 8
LN2: 1 5 1 2
LN3: 8 5 0 6
LN4: 5 5 9 0
NL 770
ROOT: 1 9 4 4
LN0: 3 4 3 7
LN1: 0 4 2 1
LN2: 7 4 1 5
LN3: 4 4 0 9
LN4: 1 4 9 3
NL 771
ROOT: 7 9 4 2
LN0: 9 4 3 5
LN1: 6 4 2 9
LN2: 3 4 1 3
LN3: 0 4 0 7
LN4: 7 4 9 1
NL 772
ROOT: 6 1 3 8
LN0: 8 6 2 1
LN1: 5 6 1 5
LN2: 2 6 0 9
LN3: 9 6 9 3
LN4: 6 6 8 7
NL 773
ROOT: 6 1 3 2
LN0: 8 6 2 5
LN1: 5 6 1 9
LN2: 2 6 0 3
LN3: 9 6 9 7
LN4: 6 6 8 1
NL 774
ROOT: 7 9 4 6
LN0: 9 4 3 9
LN1: 6 4 2 3
LN2: 3 4 1 7
LN3: 0 4 0 1
LN4: 7 4 9 5
NL 775
ROOT: 1 9 4 4
LN0: 3 4 3 7
LN1: 0 4 2 1
LN2: 7 4 1 5
LN3: 4 4 0 9
LN4: 1 4 9 3
NL 776
ROOT: 1 9 4 4
LN0: 3 4 3 7
LN1: 0 4 2 1
LN2: 7 4 1 5
LN3: 4 4 0 9
LN4: 1 4 9 3
NL 777
ROOT: 9 1 4 8
LN0: 1 6 3 1
LN1: 8 6 2 5
LN2: 5 6 1 9
LN3: 2 6 0 3
LN4: 9 6 9 7
NL 778
ROOT: 3 1 4 2
LN0: 5 6 3 5
LN1: 2 6 2 9
LN2: 9 6 1 3
LN3: 6 6 0 7
LN4: 3 6 9 1
NL 779
ROOT: 1 9 4 4
LN0: 3 4 3 7
LN1: 0 4 2 1
LN2: 7 4 1 5
LN3: 4 4 0 9
LN4: 1 4 9 3
NL 780
ROOT: 6 1 3 2
LN0: 8 6 2 5
LN1: 5 6 1 9
LN2: 2 6 0 3
LN3: 9 6 9 7
LN4: 6 6 8 1
NL 781
ROOT: 6 1 5 8
LN0: 8 6 4 1
LN1: 5 6 3 5
LN2: 2 6 2 9
LN3: 9 6 1 3
LN4: 6 6 0 7
NL 782
ROOT: 9 1 4 4
LN0: 1 6 3 7
LN1: 8 6 2 1
LN2: 5 6 1 5
LN3: 2 6 0 9
LN4: 9 6 9 3
NL 783
ROOT: 1 9 4 4
LN0: 3 4 3 7
LN1: 0 4 2 1
LN2: 7 4 1 5
LN3: 4 4 0 9
LN4: 1 4 9 3
NL 784
ROOT: 6 1 3 8
LN0: 8 6 2 1
LN1: 5 6 1 5
LN2: 2 6 0 9
LN3: 9 6 9 3
LN4: 6 6 8 7
NL 785
ROOT: 1 9 4 4
LN0: 3 4 3 7
LN1: 0 4 2 1
LN2: 7 4 1 5
LN3: 4 4 0 9
LN4: 1 4 9 3
NL 786
ROOT: 1 9 4 4
LN0: 3 4 3 7
LN1: 0 4 2 1
LN2: 7 4 1 5
LN3: 4 4 0 9
LN4: 1 4 9 3
NL 787
ROOT: 7 9 4 2
LN0: 9 4 3 5
LN1: 6 4 2 9
LN2: 3 4 1 3
LN3: 0 4 0 7
LN4: 7 4 9 1
NL 788
ROOT: 6 1 3 2
LN0: 8 6 2 5
LN1: 5 6 1 9
LN2: 2 6 0 3
LN3: 9 6 9 7
LN4: 6 6 8 1
NL 789
ROOT: 3 1 4 2
LN0: 5 6 3 5
LN1: 2 6 2 9
LN2: 9 6 1 3
LN3: 6 6 0 7
LN4: 3 6 9 1
NL 790
ROOT: 7 9 4 6
LN0: 9 4 3 9
LN1: 6 4 2 3
LN2: 3 4 1 7
LN3: 0 4 0 1
LN4: 7 4 9 5
NL 791
ROOT: 6 1 3 2
LN0: 8 6 2 5
LN1: 5 6 1 9
LN2: 2 6 0 3
LN3: 9 6 9 7
LN4: 6 6 8 1
NL 792
ROOT: 5 0 4 1
LN0: 7 5 3 4
LN1: 4 5 2 8
LN2: 1 5 1 2
LN3: 8 5 0 6
LN4: 5 5 9 0
NL 793
ROOT: 7 9 4 2
LN0: 9 4 3 5
LN1: 6 4 2 9
LN2: 3 4 1 3
LN3: 0 4 0 7
LN4: 7 4 9 1
NL 794
ROOT: 6 1 3 2
LN0: 8 6 2 5
LN1: 5 6 1 9
LN2: 2 6 0 3
LN3: 9 6 9 7
LN4: 6 6 8 1
NL 795
ROOT: 7 9 4 6
LN0: 9 4 3 9
LN1: 6 4 2 3
LN2: 3 4 1 7
LN3: 0 4 0 1
LN4: 7 4 9 5
NL 796
ROOT: 9 1 4 8
LN0: 1 6 3 1
LN1: 8 6 2 5
LN2: 5 6 1 9
LN3: 2 6 0 3
LN4: 9 6 9 7
NL 797
ROOT: 3 1 4 2
LN0: 5 6 3 5
LN1: 2 6 2 9
LN2: 9 6 1 3
LN3: 6 6 0 7
LN4: 3 6 9 1
NL 798
ROOT: 7 9 2 2
LN0: 9 4 1 5
LN1: 6 4 0 9
LN2: 3 4 9 3
LN3: 0 4 8 7
LN4: 7 4 7 1
NL 799
ROOT: 1 9 4 4
LN0: 3 4 3 7
LN1: 0 4 2 1
LN2: 7 4 1 5
LN3: 4 4 0 9
LN4: 1 4 9 3
NL 800
ROOT: 7 9 4 2
LN0: 9 4 3 5
LN1: 6 4 2 9
LN2: 3 4 1 3
LN3: 0 4 0 7
LN4: 7 4 9 1
NL 801
ROOT: 7 9 4 2
LN0: 9 4 3 5
LN1: 6 4 2 9
LN2: 3 4 1 3
LN3: 0 4 0 7
LN4: 7 4 9 1
NL 802
ROOT: 7 9 2 2
LN0: 9 4 1 5
LN1: 6 4 0 9
LN2: 3 4 9 3
LN3: 0 4 8 7
LN4: 7 4 7 1
NL 803
ROOT: 6 1 3 2
LN0: 8 6 2 5
LN1: 5 6 1 9
LN2: 2 6 0 3
LN3: 9 6 9 7
LN4: 6 6 8 1
NL 804
ROOT: 9 1 4 4
LN0: 1 6 3 7
LN1: 8 6 2 1
LN2: 5 6 1 5
LN3: 2 6 0 9
LN4: 9 6 9 3
NL 805
ROOT: 6 1 3 8
LN0: 8 6 2 1
LN1: 5 6 1 5
LN2: 2 6 0 9
LN3: 9 6 9 3
LN4: 6 6 8 7
NL 806
ROOT: 6 1 3 2
LN0: 8 6 2 5
LN1: 5 6 1 9
LN2: 2 6 0 3
LN3: 9 6 9 7
LN4: 6 6 8 1
NL 807
ROOT: 7 9 4 2
LN0: 9 4 3 5
LN1: 6 4 2 9
LN2: 3 4 1 3
LN3: 0 4 0 7
LN4: 7 4 9 1
NL 808
ROOT: 1 9 4 4
LN0: 3 4 3 7
LN1: 0 4 2 1
LN2: 7 4 1 5
LN3: 4 4 0 9
LN4: 1 4 9 3
NL 809
ROOT: 7 9 4 2
LN0: 9 4 3 5
LN1: 6 4 2 9
LN2: 3 4 1 3
LN3: 0 4 0 7
LN4: 7 4 9 1
NL 810
ROOT: 7 9 2 2
LN0: 9 4 1 5
LN1: 6 4 0 9
LN2: 3 4 9 3
LN3: 0 4 8 7
LN4: 7 4 7 1
NL 811
ROOT: 1 9 4 4
LN0: 3 4 3 7
LN1: 0 4 2 1
LN2: 7 4 1 5
LN3: 4 4 0 9
LN4: 1 4 9 3
NL 812
ROOT: 6 1 3 2
LN0: 8 6 2 5
LN1: 5 6 1 9
LN2: 2 6 0 3
LN3: 9 6 9 7
LN4: 6 6 8 1
NL 813
ROOT: 3 1 4 2
LN0: 5 6 3 5
LN1: 2 6 2 9
LN2: 9 6 1 3
LN3: 6 6 0 7
LN4: 3 6 9 1
NL 814
ROOT: 7 9 2 2
LN0: 9 4 1 5
LN1: 6 4 0 9
LN2: 3 4 9 3
LN3: 0 4 8 7
LN4: 7 4 7 1
NL 815
ROOT: 6 1 3 8
LN0: 8 6 2 1
LN1: 5 6 1 5
LN2: 2 6 0 9
LN3: 9 6 9 3
LN4: 6 6 8 7
NL 816
ROOT: 7 9 4 6
LN0: 9 4 3 9
LN1: 6 4 2 3
LN2: 3 4 1 7
LN3: 0 4 0 1
LN4: 7 4 9 5
NL 817
ROOT: 7 9 4 2
LN0: 9 4 3 5
LN1: 6 4 2 9
LN2: 3 4 1 3
LN3: 0 4 0 7
LN4: 7 4 9 1
NL 818
ROOT: 5 0 4 1
LN0: 7 5 3 4
LN1: 4 5 2 8
LN2: 1 5 1 2
LN3: 8 5 0 6
LN4: 5 5 9 0
NL 819
ROOT: 5 0 4 1
LN0: 7 5 3 4
LN1: 4 5 2 8
LN2: 1 5 1 2
LN3: 8 5 0 6
LN4: 5 5 9 0
NL 820
ROOT: 5 0 4 1
LN0: 7 5 3 4
LN1: 4 5 2 8
LN2: 1 5 1 2
LN3: 8 5 0 6
LN4: 5 5 9 0
NL 821
ROOT: 6 1 3 2
LN0: 8 6 2 5
LN1: 5 6 1 9
LN2: 2 6 0 3
LN3: 9 6 9 7
LN4: 6 6 8 1
NL 822
ROOT: 7 9 4 2
LN0: 9 4 3 5
LN1: 6 4 2 9
LN2: 3 4 1 3
LN3: 0 4 0 7
LN4: 7 4 9 1
NL 823
ROOT: 6 1 3 8
LN0: 8 6 2 1
LN1: 5 6 1 5
LN2: 2 6 0 9
LN3: 9 6 9 3
LN4: 6 6 8 7
NL 824
ROOT: 9 1 4 8
LN0: 1 6 3 1
LN1: 8 6 2 5
LN2: 5 6 1 9
LN3: 2 6 0 3
LN4: 9 6 9 7
NL 825
ROOT: 9 1 4 4
LN0: 1 6 3 7
LN1: 8 6 2 1
LN2: 5 6 1 5
LN3: 2 6 0 9
LN4: 9 6 9 3
NL 826
ROOT: 6 1 3 2
LN0: 8 6 2 5
LN1: 5 6 1 9
LN2: 2 6 0 3
LN3: 9 6 9 7
LN4: 6 6 8 1
NL 827
ROOT: 5 0 4 1
LN0: 7 5 3 4
LN1: 4 5 2 8
LN2: 1 5 1 2
LN3: 8 5 0 6
LN4: 5 5 9 0
NL 828
ROOT: 5 0 4 1
LN0: 7 5 3 4
LN1: 4 5 2 8
LN2: 1 5 1 2
LN3: 8 5 0 6
LN4: 5 5 9 0
NL 829
ROOT: 1 9 4 4
LN0: 3 4 3 7
LN1: 0 4 2 1
LN2: 7 4 1 5
LN3: 4 4 0 9
LN4: 1 4 9 3
NL 830
ROOT: 9 1 4 8
LN0: 1 6 3 1
LN1: 8 6 2 5
LN2: 5 6 1 9
LN3: 2 6 0 3
LN4: 9 6 9 7
NL 831
ROOT: 9 1 4 4
LN0: 1 6 3 7
LN1: 8 6 2 1
LN2: 5 6 1 5
LN3: 2 6 0 9
LN4: 9 6 9 3
NL 832
ROOT: 6 1 3 8
LN0: 8 6 2 1
LN1: 5 6 1 5
LN2: 2 6 0 9
LN3: 9 6 9 3
LN4: 6 6 8 7
NL 833
ROOT: 6 1 3 8
LN0: 8 6 2 1
LN1: 5 6 1 5
LN2: 2 6 0 9
LN3: 9 6 9 3
LN4: 6 6 8 7
NL 834
ROOT: 9 1 4 4
LN0: 1 6 3 7
LN1: 8 6 2 1
LN2: 5 6 1 5
LN3: 2 6 0 9
LN4: 9 6 9 3
NL 835
ROOT: 3 1 4 2
LN0: 5 6 3 5
LN1: 2 6 2 9
LN2: 9 6 1 3
LN3: 6 6 0 7
LN4: 3 6 9 1
NL 836
ROOT: 5 0 4 1
LN0: 7 5 3 4
LN1: 4 5 2 8
LN2: 1 5 1 2
LN3: 8 5 0 6
LN4: 5 5 9 0
NL 837
ROOT: 9 1 4 4
LN0: 1 6 3 7
LN1: 8 6 2 1
LN2: 5 6 1 5
LN3: 2 6 0 9
LN4: 9 6 9 3
NL 838
ROOT: 7 9 4 2
LN0: 9 4 3 5
LN1: 6 4 2 9
LN2: 3 4 1 3
LN3: 0 4 0 7
LN4: 7 4 9 1
NL 839
ROOT: 7 9 4 6
LN0: 9 4 3 9
LN1: 6 4 2 3
LN2: 3 4 1 7
LN3: 0 4 0 1
LN4: 7 4 9 5
NL 840
ROOT: 9 1 4 8
LN0: 1 6 3 1
LN1: 8 6 2 5
LN2: 5 6 1 9
LN3: 2 6 0 3
LN4: 9 6 9 7
NL 841
ROOT: 6 1 5 8
LN0: 8 6 4 1
LN1: 5 6 3 5
LN2: 2 6 2 9
LN3: 9 6 1 3
LN4: 6 6 0 7
NL 842
ROOT: 6 1 3 8
LN0: 8 6 2 1
LN1: 5 6 1 5
LN2: 2 6 0 9
LN3: 9 6 9 3
LN4: 6 6 8 7
NL 843
ROOT: 9 1 4 4
LN0: 1 6 3 7
LN1: 8 6 2 1
LN2: 5 6 1 5
LN3: 2 6 0 9
LN4: 9 6 9 3
NL 844
ROOT: 7 9 4 6
LN0: 9 4 3 9
LN1: 6 4 2 3
LN2: 3 4 1 7
LN3: 0 4 0 1
LN4: 7 4 9 5
NL 845
ROOT: 9 1 4 8
LN0: 1 6 3 1
LN1: 8 6 2 5
LN2: 5 6 1 9
LN3: 2 6 0 3
LN4: 9 6 9 7
NL 846
ROOT: 7 9 4 6
LN0: 9 4 3 9
LN1: 6 4 2 3
LN2: 3 4 1 7
LN3: 0 4 0 1
LN4: 7 4 9 5
NL 847
ROOT: 6 1 5 8
LN0: 8 6 4 1
LN1: 5 6 3 5
LN2: 2 6 2 9
LN3: 9 6 1 3
LN4: 6 6 0 7
NL 848
ROOT: 9 1 4 4
LN0: 1 6 3 7
LN1: 8 6 2 1
LN2: 5 6 1 5
LN3: 2 6 0 9
LN4: 9 6 9 3
NL 849
ROOT: 6 1 5 8
LN0: 8 6 4 1
LN1: 5 6 3 5
LN2: 2 6 2 9
LN3: 9 6 1 3
LN4: 6 6 0 7
NL 850
ROOT: 1 9 4 4
LN0: 3 4 3 7
LN1: 0 4 2 1
LN2: 7 4 1 5
LN3: 4 4 0 9
LN4: 1 4 9 3
NL 851
ROOT: 7 9 4 6
LN0: 9 4 3 9
LN1: 6 4 2 3
LN2: 3 4 1 7
LN3: 0 4 0 1
LN4: 7 4 9 5
NL 852
ROOT: 7 9 4 6
LN0: 9 4 3 9
LN1: 6 4 2 3
LN2: 3 4 1 7
LN3: 0 4 0 1
LN4: 7 4 9 5
NL 853
ROOT: 6 1 3 8
LN0: 8 6 2 1
LN1: 5 6 1 5
LN2: 2 6 0 9
LN3: 9 6 9 3
LN4: 6 6 8 7
NL 854
ROOT: 6 1 5 8
LN0: 8 6 4 1
LN1: 5 6 3 5
LN2: 2 6 2 9
LN3: 9 6 1 3
LN4: 6 6 0 7
NL 855
ROOT: 5 0 4 1
LN0: 7 5 3 4
LN1: 4 5 2 8
LN2: 1 5 1 2
LN3: 8 5 0 6
LN4: 5 5 9 0
NL 856
ROOT: 6 1 3 2
LN0: 8 6 2 5
LN1: 5 6 1 9
LN2: 2 6 0 3
LN3: 9 6 9 7
LN4: 6 6 8 1
NL 857
ROOT: 5 0 4 1
LN0: 7 5 3 4
LN1: 4 5 2 8
LN2: 1 5 1 2
LN3: 8 5 0 6
LN4: 5 5 9 0
NL 858
ROOT: 7 9 4 2
LN0: 9 4 3 5
LN1: 6 4 2 9
LN2: 3 4 1 3
LN3: 0 4 0 7
LN4: 7 4 9 1
NL 859
ROOT: 3 1 4 2
LN0: 5 6 3 5
LN1: 2 6 2 9
LN2: 9 6 1 3
LN3: 6 6 0 7
LN4: 3 6 9 1
NL 860
ROOT: 7 9 4 6
LN0: 9 4 3 9
LN1: 6 4 2 3
LN2: 3 4 1 7
LN3: 0 4 0 1
LN4: 7 4 9 5
NL 861
ROOT: 5 0 4 1
LN0: 7 5 3 4
LN1: 4 5 2 8
LN2: 1 5 1 2
LN3: 8 5 0 6
LN4: 5 5 9 0
NL 862
ROOT: 6 1 3 2
LN0: 8 6 2 5
LN1: 5 6 1 9
LN2: 2 6 0 3
LN3: 9 6 9 7
LN4: 6 6 8 1
NL 863
ROOT: 6 1 3 8
LN0: 8 6 2 1
LN1: 5 6 1 5
LN2: 2 6 0 9
LN3: 9 6 9 3
LN4: 6 6 8 7
NL 864
ROOT: 7 9 4 6
LN0: 9 4 3 9
LN1: 6 4 2 3
LN2: 3 4 1 7
LN3: 0 4 0 1
LN4: 7 4 9 5
NL 865
ROOT: 6 1 3 8
LN0: 8 6 2 1
LN1: 5 6 1 5
LN2: 2 6 0 9
LN3: 9 6 9 3
LN4: 6 6 8 7
NL 866
ROOT: 7 9 4 2
LN0: 9 4 3 5
LN1: 6 4 2 9
LN2: 3 4 1 3
LN3: 0 4 0 7
LN4: 7 4 9 1
NL 867
ROOT: 1 9 4 4
LN0: 3 4 3 7
LN1: 0 4 2 1
LN2: 7 4 1 5
LN3: 4 4 0 9
LN4: 1 4 9 3
NL 868
ROOT: 7 9 2 2
LN0: 9 4 1 5
LN1: 6 4 0 9
LN2: 3 4 9 3
LN3: 0 4 8 7
LN4: 7 4 7 1
NL 869
ROOT: 7 9 2 2
LN0: 9 4 1 5
LN1: 6 4 0 9
LN2: 3 4 9 3
LN3: 0 4 8 7
LN4: 7 4 7 1
NL 870
ROOT: 6 1 3 2
LN0: 8 6 2 5
LN1: 5 6 1 9
LN2: 2 6 0 3
LN3: 9 6 9 7
LN4: 6 6 8 1
NL 871
ROOT: 9 1 4 8
LN0: 1 6 3 1
LN1: 8 6 2 5
LN2: 5 6 1 9
LN3: 2 6 0 3
LN4: 9 6 9 7
NL 872
ROOT: 3 1 4 2
LN0: 5 6 3 5
LN1: 2 6 2 9
LN2: 9 6 1 3
LN3: 6 6 0 7
LN4: 3 6 9 1
NL 873
ROOT: 6 1 5 8
LN0: 8 6 4 1
LN1: 5 6 3 5
LN2: 2 6 2 9
LN3: 9 6 1 3
LN4: 6 6 0 7
NL 874
ROOT: 5 0 4 1
LN0: 7 5 3 4
LN1: 4 5 2 8
LN2: 1 5 1 2
LN3: 8 5 0 6
LN4: 5 5 9 0
NL 875
ROOT: 6 1 3 2
LN0: 8 6 2 5
LN1: 5 6 1 9
LN2: 2 6 0 3
LN3: 9 6 9 7
LN4: 6 6 8 1
NL 876
ROOT: 6 1 5 8
LN0: 8 6 4 1
LN1: 5 6 3 5
LN2: 2 6 2 9
LN3: 9 6 1 3
LN4: 6 6 0 7
NL 877
ROOT: 6 1 5 8
LN0: 8 6 4 1
LN1: 5 6 3 5
LN2: 2 6 2 9
LN3: 9 6 1 3
LN4: 6 6 0 7
NL 878
ROOT: 1 9 4 4
LN0: 3 4 3 7
LN1: 0 4 2 1
LN2: 7 4 1 5
LN3: 4 4 0 9
LN4: 1 4 9 3
NL 879
ROOT: 5 0 4 1
LN0: 7 5 3 4
LN1: 4 5 2 8
LN2: 1 5 1 2
LN3: 8 5 0 6
LN4: 5 5 9 0
NL 880
ROOT: 7 9 4 2
LN0: 9 4 3 5
LN1: 6 4 2 9
LN2: 3 4 1 3
LN3: 0 4 0 7
LN4: 7 4 9 1
NL 881
ROOT: 6 1 5 8
LN0: 8 6 4 1
LN1: 5 6 3 5
LN2: 2 6 2 9
LN3: 9 6 1 3
LN4: 6 6 0 7
NL 882
ROOT: 6 1 3 8
LN0: 8 6 2 1
LN1: 5 6 1 5
LN2: 2 6 0 9
LN3: 9 6 9 3
LN4: 6 6 8 7
NL 883
ROOT: 1 9 4 4
LN0: 3 4 3 7
LN1: 0 4 2 1
LN2: 7 4 1 5
LN3: 4 4 0 9
LN4: 1 4 9 3
NL 884
ROOT: 7 9 4 6
LN0: 9 4 3 9
LN1: 6 4 2 3
LN2: 3 4 1 7
LN3: 0 4 0 1
LN4: 7 4 9 5
NL 885
ROOT: 7 9 4 2
LN0: 9 4 3 5
LN1: 6 4 2 9
LN2: 3 4 1 3
LN3: 0 4 0 7
LN4: 7 4 9 1
NL 886
ROOT: 6 1 3 8
LN0: 8 6 2 1
LN1: 5 6 1 5
LN2: 2 6 0 9
LN3: 9 6 9 3
LN4: 6 6 8 7
NL 887
ROOT: 1 9 4 4
LN0: 3 4 3 7
LN1: 0 4 2 1
LN2: 7 4 1 5
LN3: 4 4 0 9
LN4: 1 4 9 3
NL 888
ROOT: 9 1 4 4
LN0: 1 6 3 7
LN1: 8 6 2 1
LN2: 5 6 1 5
LN3: 2 6 0 9
LN4: 9 6 9 3
NL 889
ROOT: 6 1 5 8
LN0: 8 6 4 1
LN1: 5 6 3 5
LN2: 2 6 2 9
LN3: 9 6 1 3
LN4: 6 6 0 7
NL 890
ROOT: 9 1 4 8
LN0: 1 6 3 1
LN1: 8 6 2 5
LN2: 5 6 1 9
LN3: 2 6 0 3
LN4: 9 6 9 7
NL 891
ROOT: 3 1 4 2
LN0: 5 6 3 5
LN1: 2 6 2 9
LN2: 9 6 1 3
LN3: 6 6 0 7
LN4: 3 6 9 1
NL 892
ROOT: 6 1 3 2
LN0: 8 6 2 5
LN1: 5 6 1 9
LN2: 2 6 0 3
LN3: 9 6 9 7
LN4: 6 6 8 1
NL 893
ROOT: 9 1 4 4
LN0: 1 6 3 7
LN1: 8 6 2 1
LN2: 5 6 1 5
LN3: 2 6 0 9
LN4: 9 6 9 3
NL 894
ROOT: 7 9 4 2
LN0: 9 4 3 5
LN1: 6 4 2 9
LN2: 3 4 1 3
LN3: 0 4 0 7
LN4: 7 4 9 1
NL 895
ROOT: 6 1 3 8
LN0: 8 6 2 1
LN1: 5 6 1 5
LN2: 2 6 0 9
LN3: 9 6 9 3
LN4: 6 6 8 7
NL 896
ROOT: 7 9 4 6
LN0: 9 4 3 9
LN1: 6 4 2 3
LN2: 3 4 1 7
LN3: 0 4 0 1
LN4: 7 4 9 5
NL 897
ROOT: 6 1 3 8
LN0: 8 6 2 1
LN1: 5 6 1 5
LN2: 2 6 0 9
LN3: 9 6 9 3
LN4: 6 6 8 7
NL 898
ROOT: 3 1 4 2
LN0: 5 6 3 5
LN1: 2 6 2 9
LN2: 9 6 1 3
LN3: 6 6 0 7
LN4: 3 6 9 1
NL 899
ROOT: 5 0 4 1
LN0: 7 5 3 4
LN1: 4 5 2 8
LN2: 1 5 1 2
LN3: 8 5 0 6
LN4: 5 5 9 0
NL 900
ROOT: 1 9 4 4
LN0: 3 4 3 7
LN1: 0 4 2 1
LN2: 7 4 1 5
LN3: 4 4 0 9
LN4: 1 4 9 3
NL 901
ROOT: 5 0 4 1
LN0: 7 5 3 4
LN1: 4 5 2 8
LN2: 1 5 1 2
LN3: 8 5 0 6
LN4: 5 5 9 0
NL 902
ROOT: 3 1 4 2
LN0: 5 6 3 5
LN1: 2 6 2 9
LN2: 9 6 1 3
LN3: 6 6 0 7
LN4: 3 6 9 1
NL 903
ROOT: 3 1 4 2
LN0: 5 6 3 5
LN1: 2 6 2 9
LN2: 9 6 1 3
LN3: 6 6 0 7
LN4: 3 6 9 1
NL 904
ROOT: 3 1 4 2
LN0: 5 6 3 5
LN1: 2 6 2 9
LN2: 9 6 1 3
LN3: 6 6 0 7
LN4: 3 6 9 1
NL 905
ROOT: 6 1 3 8
LN0: 8 6 2 1
LN1: 5 6 1 5
LN2: 2 6 0 9
LN3: 9 6 9 3
LN4: 6 6 8 7
NL 906
ROOT: 7 9 4 6
LN0: 9 4 3 9
LN1: 6 4 2 3
LN2: 3 4 1 7
LN3: 0 4 0 1
LN4: 7 4 9 5
NL 907
ROOT: 6 1 3 8
LN0: 8 6 2 1
LN1: 5 6 1 5
LN2: 2 6 0 9
LN3: 9 6 9 3
LN4: 6 6 8 7
NL 908
ROOT: 9 1 4 4
LN0: 1 6 3 7
LN1: 8 6 2 1
LN2: 5 6 1 5
LN3: 2 6 0 9
LN4: 9 6 9 3
NL 909
ROOT: 9 1 4 4
LN0: 1 6 3 7
LN1: 8 6 2 1
LN2: 5 6 1 5
LN3: 2 6 0 9
LN4: 9 6 9 3
NL 910
ROOT: 7 9 4 2
LN0: 9 4 3 5
LN1: 6 4 2 9
LN2: 3 4 1 3
LN3: 0 4 0 7
LN4: 7 4 9 1
NL 911
ROOT: 6 1 3 2
LN0: 8 6 2 5
LN1: 5 6 1 9
LN2: 2 6 0 3
LN3: 9 6 9 7
LN4: 6 6 8 1
NL 912
ROOT: 7 9 4 6
LN0: 9 4 3 9
LN1: 6 4 2 3
LN2: 3 4 1 7
LN3: 0 4 0 1
LN4: 7 4 9 5
NL 913
ROOT: 7 9 4 2
LN0: 9 4 3 5
LN1: 6 4 2 9
LN2: 3 4 1 3
LN3: 0 4 0 7
LN4: 7 4 9 1
NL 914
ROOT: 7 9 4 6
LN0: 9 4 3 9
LN1: 6 4 2 3
LN2: 3 4 1 7
LN3: 0 4 0 1
LN4: 7 4 9 5
NL 915
ROOT: 9 1 4 4
LN0: 1 6 3 7
LN1: 8 6 2 1
LN2: 5 6 1 5
LN3: 2 6 0 9
LN4: 9 6 9 3
NL 916
ROOT: 9 1 4 8
LN0: 1 6 3 1
LN1: 8 6 2 5
LN2: 5 6 1 9
LN3: 2 6 0 3
LN4: 9 6 9 7
NL 917
ROOT: 7 9 4 2
LN0: 9 4 3 5
LN1: 6 4 2 9
LN2: 3 4 1 3
LN3: 0 4 0 7
LN4: 7 4 9 1
NL 918
ROOT: 7 9 4 2
LN0: 9 4 3 5
LN1: 6 4 2 9
LN2: 3 4 1 3
LN3: 0 4 0 7
LN4: 7 4 9 1
NL 919
ROOT: 9 1 4 4
LN0: 1 6 3 7
LN1: 8 6 2 1
LN2: 5 6 1 5
LN3: 2 6 0 9
LN4: 9 6 9 3
NL 920
ROOT: 7 9 4 2
LN0: 9 4 3 5
LN1: 6 4 2 9
LN2: 3 4 1 3
LN3: 0 4 0 7
LN4: 7 4 9 1
NL 921
ROOT: 5 0 4 1
LN0: 7 5 3 4
LN1: 4 5 2 8
LN2: 1 5 1 2
LN3: 8 5 0 6
LN4: 5 5 9 0
NL 922
ROOT: 9 1 4 4
LN0: 1 6 3 7
LN1: 8 6 2 1
LN2: 5 6 1 5
LN3: 2 6 0 9
LN4: 9 6 9 3
NL 923
ROOT: 9 1 4 8
LN0: 1 6 3 1
LN1: 8 6 2 5
LN2: 5 6 1 9
LN3: 2 6 0 3
LN4: 9 6 9 7
NL 924
ROOT: 3 1 4 2
LN0: 5 6 3 5
LN1: 2 6 2 9
LN2: 9 6 1 3
LN3: 6 6 0 7
LN4: 3 6 9 1
NL 925
ROOT: 7 9 2 2
LN0: 9 4 1 5
LN1: 6 4 0 9
LN2: 3 4 9 3
LN3: 0 4 8 7
LN4: 7 4 7 1
NL 926
ROOT: 7 9 4 6
LN0: 9 4 3 9
LN1: 6 4 2 3
LN2: 3 4 1 7
LN3: 0 4 0 1
LN4: 7 4 9 5
NL 927
ROOT: 6 1 5 8
LN0: 8 6 4 1
LN1: 5 6 3 5
LN2: 2 6 2 9
LN3: 9 6 1 3
LN4: 6 6 0 7
NL 928
ROOT: 6 1 3 8
LN0: 8 6 2 1
LN1: 5 6 1 5
LN2: 2 6 0 9
LN3: 9 6 9 3
LN4: 6 6 8 7
NL 929
ROOT: 3 1 4 2
LN0: 5 6 3 5
LN1: 2 6 2 9
LN2: 9 6 1 3
LN3: 6 6 0 7
LN4: 3 6 9 1
NL 930
ROOT: 7 9 4 6
LN0: 9 4 3 9
LN1: 6 4 2 3
LN2: 3 4 1 7
LN3: 0 4 0 1
LN4: 7 4 9 5
NL 931
ROOT: 6 1 3 8
LN0: 8 6 2 1
LN1: 5 6 1 5
LN2: 2 6 0 9
LN3: 9 6 9 3
LN4: 6 6 8 7
NL 932
ROOT: 6 1 3 2
LN0: 8 6 2 5
LN1: 5 6 1 9
LN2: 2 6 0 3
LN3: 9 6 9 7
LN4: 6 6 8 1
NL 933
ROOT: 5 0 4 1
LN0: 7 5 3 4
LN1: 4 5 2 8
LN2: 1 5 1 2
LN3: 8 5 0 6
LN4: 5 5 9 0
NL 934
ROOT: 7 9 2 2
LN0: 9 4 1 5
LN1: 6 4 0 9
LN2: 3 4 9 3
LN3: 0 4 8 7
LN4: 7 4 7 1
NL 935
ROOT: 1 9 4 4
LN0: 3 4 3 7
LN1: 0 4 2 1
LN2: 7 4 1 5
LN3: 4 4 0 9
LN4: 1 4 9 3
NL 936
ROOT: 7 9 2 2
LN0: 9 4 1 5
LN1: 6 4 0 9
LN2: 3 4 9 3
LN3: 0 4 8 7
LN4: 7 4 7 1
NL 937
ROOT: 7 9 4 2
LN0: 9 4 3 5
LN1: 6 4 2 9
LN2: 3 4 1 3
LN3: 0 4 0 7
LN4: 7 4 9 1
NL 938
ROOT: 7 9 4 2
LN0: 9 4 3 5
LN1: 6 4 2 9
LN2: 3 4 1 3
LN3: 0 4 0 7
LN4: 7 4 9 1
NL 939
ROOT: 6 1 5 8
LN0: 8 6 4 1
LN1: 5 6 3 5
LN2: 2 6 2 9
LN3: 9 6 1 3
LN4: 6 6 0 7
NL 940
ROOT: 7 9 4 2
LN0: 9 4 3 5
LN1: 6 4 2 9
LN2: 3 4 1 3
LN3: 0 4 0 7
LN4: 7 4 9 1
NL 941
ROOT: 6 1 5 8
LN0: 8 6 4 1
LN1: 5 6 3 5
LN2: 2 6 2 9
LN3: 9 6 1 3
LN4: 6 6 0 7
NL 942
ROOT: 7 9 4 2
LN0: 9 4 3 5
LN1: 6 4 2 9
LN2: 3 4 1 3
LN3: 0 4 0 7
LN4: 7 4 9 1
NL 943
ROOT: 9 1 4 4
LN0: 1 6 3 7
LN1: 8 6 2 1
LN2: 5 6 1 5
LN3: 2 6 0 9
LN4: 9 6 9 3
NL 944
ROOT: 5 0 4 1
LN0: 7 5 3 4
LN1: 4 5 2 8
LN2: 1 5 1 2
LN3: 8 5 0 6
LN4: 5 5 9 0
NL 945
ROOT: 9 1 4 8
LN0: 1 6 3 1
LN1: 8 6 2 5
LN2: 5 6 1 9
LN3: 2 6 0 3
LN4: 9 6 9 7
NL 946
ROOT: 1 9 4 4
LN0: 3 4 3 7
LN1: 0 4 2 1
LN2: 7 4 1 5
LN3: 4 4 0 9
LN4: 1 4 9 3
NL 947
ROOT: 9 1 4 8
LN0: 1 6 3 1
LN1: 8 6 2 5
LN2: 5 6 1 9
LN3: 2 6 0 3
LN4: 9 6 9 7
NL 948
ROOT: 7 9 4 2
LN0: 9 4 3 5
LN1: 6 4 2 9
LN2: 3 4 1 3
LN3: 0 4 0 7
LN4: 7 4 9 1
NL 949
ROOT: 9 1 4 4
LN0: 1 6 3 7
LN1: 8 6 2 1
LN2: 5 6 1 5
LN3: 2 6 0 9
LN4: 9 6 9 3
NL 950
ROOT: 9 1 4 4
LN0: 1 6 3 7
LN1: 8 6 2 1
LN2: 5 6 1 5
LN3: 2 6 0 9
LN4: 9 6 9 3
NL 951
ROOT: 5 0 4 1
LN0: 7 5 3 4
LN1: 4 5 2 8
LN2: 1 5 1 2
LN3: 8 5 0 6
LN4: 5 5 9 0
NL 952
ROOT: 5 0 4 1
LN0: 7 5 3 4
LN1: 4 5 2 8
LN2: 1 5 1 2
LN3: 8 5 0 6
LN4: 5 5 9 0
NL 953
ROOT: 9 1 4 4
LN0: 1 6 3 7
LN1: 8 6 2 1
LN2: 5 6 1 5
LN3: 2 6 0 9
LN4: 9 6 9 3
NL 954
ROOT: 3 1 4 2
LN0: 5 6 3 5
LN1: 2 6 2 9
LN2: 9 6 1 3
LN3: 6 6 0 7
LN4: 3 6 9 1
NL 955
ROOT: 6 1 3 2
LN0: 8 6 2 5
LN1: 5 6 1 9
LN2: 2 6 0 3
LN3: 9 6 9 7
LN4: 6 6 8 1
NL 956
ROOT: 6 1 5 8
LN0: 8 6 4 1
LN1: 5 6 3 5
LN2: 2 6 2 9
LN3: 9 6 1 3
LN4: 6 6 0 7
NL 957
ROOT: 3 1 4 2
LN0: 5 6 3 5
LN1: 2 6 2 9
LN2: 9 6 1 3
LN3: 6 6 0 7
LN4: 3 6 9 1
NL 958
ROOT: 9 1 4 4
LN0: 1 6 3 7
LN1: 8 6 2 1
LN2: 5 6 1 5
LN3: 2 6 0 9
LN4: 9 6 9 3
NL 959
ROOT: 3 1 4 2
LN0: 5 6 3 5
LN1: 2 6 2 9
LN2: 9 6 1 3
LN3: 6 6 0 7
LN4: 3 6 9 1
NL 960
ROOT: 6 1 3 2
LN0: 8 6 2 5
LN1: 5 6 1 9
LN2: 2 6 0 3
LN3: 9 6 9 7
LN4: 6 6 8 1
NL 961
ROOT: 9 1 4 4
LN0: 1 6 3 7
LN1: 8 6 2 1
LN2: 5 6 1 5
LN3: 2 6 0 9
LN4: 9 6 9 3
NL 962
ROOT: 5 0 4 1
LN0: 7 5 3 4
LN1: 4 5 2 8
LN2: 1 5 1 2
LN3: 8 5 0 6
LN4: 5 5 9 0
NL 963
ROOT: 3 1 4 2
LN0: 5 6 3 5
LN1: 2 6 2 9
LN2: 9 6 1 3
LN3: 6 6 0 7
LN4: 3 6 9 1
NL 964
ROOT: 9 1 4 8
LN0: 1 6 3 1
LN1: 8 6 2 5
LN2: 5 6 1 9
LN3: 2 6 0 3
LN4: 9 6 9 7
NL 965
ROOT: 7 9 4 2
LN0: 9 4 3 5
LN1: 6 4 2 9
LN2: 3 4 1 3
LN3: 0 4 0 7
LN4: 7 4 9 1
NL 966
ROOT: 5 0 4 1
LN0: 7 5 3 4
LN1: 4 5 2 8
LN2: 1 5 1 2
LN3: 8 5 0 6
LN4: 5 5 9 0
NL 967
ROOT: 6 1 5 8
LN0: 8 6 4 1
LN1: 5 6 3 5
LN2: 2 6 2 9
LN3: 9 6 1 3
LN4: 6 6 0 7
NL 968
ROOT: 7 9 4 6
LN0: 9 4 3 9
LN1: 6 4 2 3
LN2: 3 4 1 7
LN3: 0 4 0 1
LN4: 7 4 9 5
NL 969
ROOT: 1 9 4 4
LN0: 3 4 3 7
LN1: 0 4 2 1
LN2: 7 4 1 5
LN3: 4 4 0 9
LN4: 1 4 9 3
NL 970
ROOT: 7 9 4 6
LN0: 9 4 3 9
LN1: 6 4 2 3
LN2: 3 4 1 7
LN3: 0 4 0 1
LN4: 7 4 9 5
NL 971
ROOT: 6 1 3 2
LN0: 8 6 2 5
LN1: 5 6 1 9
LN2: 2 6 0 3
LN3: 9 6 9 7
LN4: 6 6 8 1
NL 972
ROOT: 3 1 4 2
LN0: 5 6 3 5
LN1: 2 6 2 9
LN2: 9 6 1 3
LN3: 6 6 0 7
LN4: 3 6 9 1
NL 973
ROOT: 1 9 4 4
LN0: 3 4 3 7
LN1: 0 4 2 1
LN2: 7 4 1 5
LN3: 4 4 0 9
LN4: 1 4 9 3
NL 974
ROOT: 3 1 4 2
LN0: 5 6 3 5
LN1: 2 6 2 9
LN2: 9 6 1 3
LN3: 6 6 0 7
LN4: 3 6 9 1
NL 975
ROOT: 3 1 4 2
LN0: 5 6 3 5
LN1: 2 6 2 9
LN2: 9 6 1 3
LN3: 6 6 0 7
LN4: 3 6 9 1
NL 976
ROOT: 9 1 4 4
LN0: 1 6 3 7
LN1: 8 6 2 1
LN2: 5 6 1 5
LN3: 2 6 0 9
LN4: 9 6 9 3
